s_(um) X_pre Y_pre X_post Y_post D_normal
0.0000000000 0.0000000000 0.0505209025 -0.0110030423 0.0758012663 0.0241955550
0.2118032776 0.2109553056 0.0315871381 0.2008002353 0.0758012663 0.0431293194
0.4236065552 0.4219106112 0.0126533738 0.4126035129 0.0758012663 0.0622801612
0.6354098328 0.6331471456 0.0000806451 0.6244067905 0.0758012663 0.0754338494
0.8472131104 0.8449502837 0.0003237695 0.8362100681 0.0758012663 0.0754874797
1.0590163880 1.0567534217 0.0005668939 1.0480133457 0.0758012663 0.0756149077
1.2708196656 1.2670308285 0.0248711531 1.2598166233 0.0758012663 0.0514277905
1.4826229432 1.4771682168 0.0513835356 1.4716199009 0.0758012663 0.0249400774
1.6944262208 1.6868240587 0.0814606481 1.6834231785 0.0758012663 -0.0051938651
1.9062294984 1.8970267318 0.1038644935 1.8952264561 0.0758012663 -0.0279264311
2.1180327760 2.1088298698 0.1041076179 2.1070297337 0.0758012663 -0.0283042667
2.3298360536 2.3206330079 0.1043507423 2.3188330113 0.0758012663 -0.0285473911
2.5416393312 2.5324361460 0.1045938667 2.5306362889 0.0758012663 -0.0287905155
2.7534426088 2.7442392840 0.1048369911 2.7424395665 0.0758012663 -0.0290336399
2.9652458864 2.9560424221 0.1050801155 2.9542428441 0.0758012663 -0.0292767643
3.1770491640 3.1678455601 0.1053232399 3.1660461217 0.0758012663 -0.0295198887
3.3888524416 3.3796486982 0.1055663643 3.3778493993 0.0758012663 -0.0297630131
3.6006557192 3.5914518363 0.1058094887 3.5896526769 0.0758012663 -0.0300061375
3.8124589968 3.8032549743 0.1060526131 3.8014559545 0.0758012663 -0.0302492619
4.0242622744 4.0150581124 0.1062957375 4.0132592321 0.0758012663 -0.0304923863
4.2360655520 4.2268612504 0.1065388619 4.2250625097 0.0758012663 -0.0307355107
4.4478688296 4.4386643885 0.1067819863 4.4368657873 0.0758012663 -0.0309786351
4.6596721072 4.6504675266 0.1070251107 4.6486690649 0.0758012663 -0.0312217595
4.8714753848 4.8622706646 0.1072682351 4.8604723425 0.0758012663 -0.0314648839
5.0832786624 5.0740738027 0.1075113595 5.0722756201 0.0758012663 -0.0317080083
5.2950819400 5.2858769407 0.1077544839 5.2840788977 0.0758012663 -0.0319511327
5.5068852176 5.4976800788 0.1079976083 5.4958821753 0.0758012663 -0.0321942571
5.7186884952 5.7094832169 0.1082407327 5.7076854529 0.0758012663 -0.0324373815
5.9304917728 5.9212863549 0.1084838571 5.9194887305 0.0758012663 -0.0326805059
6.1422950504 6.1330894930 0.1087269815 6.1306520366 0.0873563467 -0.0213678228
6.3540983280 6.3448926310 0.1089701059 6.3411599026 0.1107458048 0.0017799825
6.5659016056 6.5566957691 0.1092132303 6.5520647640 0.1269672663 0.0177593401
6.7777048832 6.7684989072 0.1094563547 6.7638680416 0.1269672663 0.0175162157
6.9895081607 6.9803020452 0.1096994791 6.9756713192 0.1269672663 0.0172730913
7.2013114383 7.1921051833 0.1099426035 7.1874745968 0.1269672663 0.0170299669
7.4131147159 7.4039083213 0.1101857279 7.3990679893 0.1311754023 0.0209952167
7.6249179935 7.6157114594 0.1104288523 7.6098201112 0.1522507793 0.0418286620
7.8367212711 7.8275145975 0.1106719767 7.8205722331 0.1733261562 0.0626621072
8.0485245487 8.0393177355 0.1109151011 8.0321357014 0.1781342663 0.0672273650
8.2603278263 8.2511208736 0.1111582255 8.2439389790 0.1781342663 0.0669842406
8.4721311039 8.4629240116 0.1114013499 8.4557422566 0.1781342663 0.0667411162
8.6839343815 8.6747271497 0.1116444743 8.6675455342 0.1781342663 0.0664979918
8.8957376591 8.8865302878 0.1118875987 8.8793488118 0.1781342663 0.0662548674
9.1075409367 9.0983334258 0.1121307231 9.0911520894 0.1781342663 0.0660117430
9.3193442143 9.3101365639 0.1123738475 9.3029553670 0.1781342663 0.0657686186
9.5311474919 9.5219397019 0.1126169719 9.5147586446 0.1781342663 0.0655254942
9.7429507695 9.7337428400 0.1128600963 9.7265619222 0.1781342663 0.0652823698
9.9547540471 9.9455459781 0.1131032207 9.9383651998 0.1781342663 0.0650392454
10.1665573247 10.1573491161 0.1133463451 10.1501684774 0.1781342663 0.0647961210
10.3783606023 10.3691522542 0.1135894695 10.3619717550 0.1781342663 0.0646705777
10.5901638799 10.5806292952 0.1214615164 10.5737750326 0.1781342663 0.0569843737
10.8019671575 10.7916806116 0.1392932364 10.7855783102 0.1781342663 0.0392168861
11.0137704351 11.0027319280 0.1571249565 10.9973815878 0.1781342663 0.0214375358
11.2255737127 11.2130426273 0.1814442506 11.2091848654 0.1781342663 -0.0027858386
11.4373769903 11.4226826595 0.2116383776 11.4209881430 0.1781342663 -0.0329203523
11.6491802679 11.6323226917 0.2418325045 11.6327914206 0.1781342663 -0.0632072484
11.8609835455 11.8421480764 0.2672533750 11.8445946982 0.1781342663 -0.0891526864
12.0727868231 12.0534982692 0.2534069161 12.0563979758 0.1781342663 -0.0749220624
12.2845901007 12.2648484619 0.2395604572 12.2682012534 0.1781342663 -0.0610756035
12.4963933783 12.4761986547 0.2257139983 12.4800045310 0.1781342663 -0.0473327763
12.7081966559 12.6877647658 0.2185840238 12.6918078086 0.1781342663 -0.0403786484
12.9199999335 12.8995679039 0.2188271482 12.9036110862 0.1781342663 -0.0406974962
13.1318032111 13.1113710419 0.2190702726 13.1154143638 0.1781342663 -0.0409406206
13.3436064887 13.3231741800 0.2193133970 13.3272176414 0.1781342663 -0.0411837450
13.5554097663 13.5349773181 0.2195565214 13.5390209190 0.1781342663 -0.0414268694
13.7672130439 13.7467804561 0.2197996458 13.7508241966 0.1781342663 -0.0416699938
13.9790163215 13.9585835942 0.2200427702 13.9626274742 0.1781342663 -0.0419131182
14.1908195991 14.1703867322 0.2202858946 14.1744307518 0.1781342663 -0.0421562426
14.4026228767 14.3821898703 0.2205290190 14.3862340294 0.1781342663 -0.0423993670
14.6144261543 14.5939930084 0.2207721434 14.5980373070 0.1781342663 -0.0426424914
14.8262294319 14.8057961464 0.2210152678 14.8098405846 0.1781342663 -0.0429026610
15.0380327095 15.0175311583 0.2231087146 15.0216438622 0.1781342663 -0.0451056235
15.2498359871 15.2287787100 0.2384416956 15.2334471397 0.1781342663 -0.0604871553
15.4616392647 15.4400262617 0.2537746767 15.4452504173 0.1781342663 -0.0758201364
15.6734425423 15.6512738134 0.2691076577 15.6570536949 0.1781342663 -0.0911435108
15.8852458199 15.8629280212 0.2733957611 15.8688166301 0.1793458969 -0.0941074880
16.0970490975 16.0747311593 0.2736388855 16.0801508078 0.1934346768 -0.0802103769
16.3088523751 16.2865342974 0.2738820099 16.2914849856 0.2075234568 -0.0663433720
16.5206556527 16.4982718890 0.2723657623 16.5028191633 0.2216122368 -0.0505218496
16.7324589303 16.7094697954 0.2563634900 16.7133993294 0.2429087190 -0.0131194287
16.9442622079 16.9206677019 0.2403612177 16.9230738417 0.2728624717 0.0325901496
17.1560654855 17.1318656083 0.2243589455 17.1343366587 0.2804672663 0.0561619539
17.3678687631 17.3436436488 0.2239284099 17.3461399363 0.2804672663 0.0565399553
17.5796720407 17.5554467869 0.2241715343 17.5579432139 0.2804672663 0.0562928293
17.7914753183 17.7672499249 0.2244146587 17.7697464915 0.2804672663 0.0559722790
18.0032785959 17.9786196608 0.2347970701 17.9815497691 0.2804672663 0.0453733948
18.2150818735 18.1896709772 0.2526287902 18.1933530467 0.2804672663 0.0274296482
18.4268851511 18.4007222936 0.2704605102 18.4051563243 0.2804672663 0.0097401598
18.6386884287 18.6122754580 0.2765516796 18.6169596019 0.2804672663 0.0038450717
18.8504917063 18.8240785960 0.2767948040 18.8287628795 0.2804672663 0.0036670829
19.0622949839 19.0358817341 0.2770379284 19.0405661571 0.2804672663 0.0034239585
19.2740982615 19.2476848722 0.2772810528 19.2523694347 0.2804672663 0.0031808341
19.4859015391 19.4594880102 0.2775241772 19.4641727123 0.2804672663 0.0029377097
19.6977048167 19.6712911483 0.2777673016 19.6759759899 0.2804672663 0.0024889673
19.9095080943 19.8821590773 0.2963382225 19.8877792675 0.2804672663 -0.0163297710
20.1213113719 20.0928868684 0.3176555034 20.0995825451 0.2804672663 -0.0375999586
20.3331146495 20.3040898249 0.3296607117 20.3113858227 0.2804672663 -0.0493840064
20.5449179271 20.5158929629 0.3299038361 20.5231891003 0.2804672663 -0.0494449123
20.7567212047 20.7276961010 0.3301469605 20.7349923779 0.2804672663 -0.0496880367
20.9685244822 20.9394992391 0.3303900849 20.9467956555 0.2804672663 -0.0499311611
21.1803277598 21.1513023771 0.3306332093 21.1585989331 0.2804672663 -0.0501742855
21.3921310374 21.3631055152 0.3308763337 21.3704022107 0.2804672663 -0.0504174099
21.6039343150 21.5749086532 0.3311194581 21.5822054883 0.2804672663 -0.0506605343
21.8157375926 21.7867117913 0.3313625825 21.7935515492 0.2878111440 -0.0435592610
22.0275408702 21.9985149294 0.3316057069 22.0037192321 0.3140822969 -0.0175293723
22.2393441478 22.2103180674 0.3318488313 22.2144297557 0.3316342663 -0.0002192846
22.4511474254 22.4221212055 0.3320919557 22.4262330333 0.3316342663 -0.0004624090
22.6629507030 22.6339243435 0.3323350800 22.6380363109 0.3316342663 -0.0007055334
22.8747539806 22.8457274816 0.3325782044 22.8498395885 0.3316342663 -0.0009486578
23.0865572582 23.0575306197 0.3328213288 23.0616428661 0.3316342663 -0.0011917822
23.2983605358 23.2693337577 0.3330644532 23.2734461437 0.3316342663 -0.0014349066
23.5101638134 23.4811368958 0.3333075776 23.4852494213 0.3316342663 -0.0016780310
23.7219670910 23.6929400338 0.3335507020 23.6970526989 0.3316342663 -0.0019211554
23.9337703686 23.9047431719 0.3337938264 23.9088559765 0.3316342663 -0.0021642798
24.1455736462 24.1165463100 0.3340369508 24.1201945729 0.3428060886 0.0087649442
24.3573769238 24.3283494480 0.3342800752 24.3312662497 0.3603951658 0.0261117253
24.5691802014 24.5401525861 0.3345231996 24.5423379265 0.3779842431 0.0434585063
24.7809834790 24.7519557241 0.3347663240 24.7539408863 0.3828002663 0.0480316318
24.9927867566 24.9637588622 0.3350094484 24.9657441639 0.3828002663 0.0477885074
25.2045900342 25.1755620003 0.3352525728 25.1775474415 0.3828002663 0.0475453831
25.4163933118 25.3873651383 0.3354956972 25.3893507191 0.3828002663 0.0473022587
25.6281965894 25.5991682764 0.3357388216 25.6011539967 0.3828002663 0.0470591343
25.8399998670 25.8109714144 0.3359819460 25.8129572743 0.3828002663 0.0468160099
26.0518031446 26.0227745525 0.3362250704 26.0247605519 0.3828002663 0.0465728855
26.2636064222 26.2345776906 0.3364681948 26.2353175572 0.3602980484 0.0238289886
26.4754096998 26.4463808286 0.3367113192 26.4458254232 0.3369085903 0.0001979084
26.6872129774 26.6581839667 0.3369544436 26.6524387354 0.3714201135 0.0344722420
26.8990162550 26.8699871047 0.3371975680 26.8579181262 0.4227898357 0.0856060650
27.1108195326 27.0817902428 0.3374406924 27.0679242741 0.4457740141 0.1083491668
27.3226228102 27.2935933809 0.3376838168 27.2791893079 0.4608642052 0.1231968413
27.5344260878 27.5053965189 0.3379269412 27.4904543418 0.4759543962 0.1380445158
27.7462293654 27.7171996570 0.3381700656 27.7016436305 0.4782430387 0.1402077221
27.9580326430 27.9288707815 0.3417507450 27.9127153049 0.4606539331 0.1195353753
28.1698359206 28.1400314187 0.3582375182 28.1237869794 0.4430648274 0.0858343990
28.3816391982 28.3511920559 0.3747242914 28.3352118521 0.4339672663 0.0602828032
28.5934424758 28.5623884812 0.3903062739 28.5470151297 0.4339672663 0.0442052099
28.8052457534 28.7741916193 0.3905493983 28.7588184073 0.4339672663 0.0434354859
29.0170490310 28.9859947573 0.3907925227 28.9706216849 0.4339672663 0.0434618416
29.2288523086 29.1974426121 0.3986742226 29.1824249625 0.4339672663 0.0361882138
29.4406555862 29.4083538914 0.4180922726 29.3942282401 0.4339672663 0.0171031717
29.6524588638 29.6192651707 0.4375103225 29.6060315177 0.4339672663 -0.0027602894
29.8642621414 29.8308275699 0.4429293224 29.8178347953 0.4339672663 -0.0087875039
30.0760654190 30.0426307080 0.4431724468 30.0296380729 0.4339672663 -0.0091902605
30.2878686966 30.2544338460 0.4434155712 30.2412437588 0.4362239379 -0.0071764879
30.4996719742 30.4662369841 0.4436586956 30.4498241419 0.4730322549 0.0293923799
30.7114752518 30.6780401221 0.4439018200 30.6584045250 0.5098405719 0.0659612478
30.9232785294 30.8898432602 0.4441449444 30.8669849081 0.5466488889 0.1025301156
31.1350818070 31.1016463983 0.4443880688 31.0755652911 0.5834572059 0.1390989835
31.3468850846 31.3134495363 0.4446311932 31.2860808142 0.5686879338 0.1240880749
31.5586883622 31.5252526744 0.4448743176 31.4968329361 0.5476125568 0.1027707940
31.7704916398 31.7370558124 0.4451174420 31.7080720018 0.5363002663 0.0912160341
31.9822949174 31.9488589505 0.4453605664 31.9198752794 0.5363002663 0.0909729097
32.1940981950 32.1606620886 0.4456036908 32.1314982164 0.5409960138 0.0954257367
32.4059014726 32.3724652266 0.4458468152 32.3426776150 0.5572407050 0.1114280090
32.6177047502 32.5842683647 0.4460899396 32.5538570136 0.5734853962 0.1274302813
32.8295080278 32.7960715027 0.4463330639 32.7650364123 0.5852044450 0.1389069141
33.0413113054 33.0078746408 0.4465761883 32.9762158109 0.5689597538 0.1224198253
33.2531145830 33.2196777789 0.4468193127 33.1873952096 0.5527150626 0.1059327365
33.4649178606 33.4314809169 0.4470624371 33.3985746082 0.5364703713 0.0894456477
33.6767211382 33.6432840550 0.4473055615 33.6082649193 0.5659400765 0.1186746345
33.8885244158 33.8550871930 0.4475486859 33.8179394726 0.5958935423 0.1483873997
34.1003276934 34.0668903311 0.4477918103 34.0276140259 0.6258470081 0.1781001649
34.3121309710 34.2786934692 0.4480349347 34.2385086133 0.6386332663 0.1906443333
34.5239342486 34.4904966072 0.4482780591 34.4503118909 0.6386332663 0.1904012089
34.7357375261 34.7022997453 0.4485211835 34.6621151685 0.6386332663 0.1901580845
34.9475408037 34.9141028833 0.4487643079 34.8739184461 0.6386332663 0.1899149601
35.1593440813 35.1259060214 0.4490074323 35.0857217237 0.6386332663 0.1896718357
35.3711473589 35.3377091595 0.4492505567 35.2975250013 0.6386332663 0.1894287113
35.5829506365 35.5495122975 0.4494936811 35.5093282789 0.6386332663 0.1891855869
35.7947539141 35.7613154356 0.4497368055 35.7211315565 0.6386332663 0.1889424625
36.0065571917 35.9731185736 0.4499799299 35.9329348341 0.6386332663 0.1886993381
36.2183604693 36.1849217117 0.4502230543 36.1447381117 0.6386332663 0.1884562137
36.4301637469 36.3967248498 0.4504661787 36.3565413893 0.6386332663 0.1890569051
36.6419670245 36.6079302093 0.4601365661 36.5683446669 0.6386332663 0.1812290700
36.8537703021 36.8180676534 0.4866485063 36.7801479445 0.6386332663 0.1550102969
37.0655735797 37.0288900846 0.5023578617 36.9919512221 0.6386332663 0.1375717345
37.2773768573 37.2406932227 0.5026009861 37.2029660166 0.6489438674 0.1463860912
37.4891801349 37.4524963607 0.5028441105 37.4123063926 0.6811500065 0.1783519117
37.7009834125 37.6642994988 0.5030872349 37.6216467685 0.7133561456 0.2103177323
37.9127866901 37.8761026369 0.5033303593 37.8313386160 0.7409662663 0.2376871340
38.1245899677 38.0879057749 0.5035734837 38.0431418936 0.7409662663 0.2374440096
38.3363932453 38.2997089130 0.5038166081 38.2549451712 0.7409662663 0.2372008852
38.5481965229 38.5115120510 0.5040597325 38.4667484488 0.7409662663 0.2369577609
38.7599998005 38.7233151891 0.5043028569 38.6784372691 0.7446324421 0.2418159744
38.9718030781 38.9343499999 0.5196033069 38.8898280694 0.7578444801 0.2411992454
39.1836063557 39.1450777910 0.5409205877 39.1012188697 0.7710565180 0.2330656385
39.3954096333 39.3561138657 0.5561962670 39.3126096700 0.7842685560 0.2295144299
39.6072129109 39.5679170038 0.5564393914 39.5239495608 0.7860256805 0.2296366072
39.8190161885 39.7797201418 0.5566825158 39.7352145752 0.7709352170 0.2143036471
40.0308194661 39.9915232799 0.5569256402 39.9464795896 0.7558447535 0.1989706870
40.2426227437 40.2033264180 0.5571687646 40.1577418878 0.7412133458 0.1840967854
40.4544260213 40.4151295560 0.5574118890 40.3688135338 0.7588027928 0.2014439363
40.6662292989 40.6269326941 0.5576550134 40.5798851798 0.7763922399 0.2187910873
40.8780325765 40.8387358321 0.5578981378 40.7908975741 0.7945912450 0.2367478638
41.0898358541 41.0505389702 0.5581412622 41.0014053844 0.8179812048 0.2598961709
41.3016391317 41.2623421083 0.5583843866 41.2119131946 0.8413711647 0.2830444780
41.5134424093 41.4741452463 0.5586275110 41.4236096277 0.8433002663 0.2847305765
41.7252456869 41.6859483844 0.5588706354 41.6354129053 0.8433002663 0.2844874521
41.9370489645 41.8977515224 0.5591137598 41.8472161829 0.8433002663 0.2842443277
42.1488522421 42.1095546605 0.5593568842 42.0590194605 0.8433002663 0.2840012033
