x_split	fit_v1_file_name	fit_v1_file_time	fit_v1_parabola_a	fit_v1_parabola_b	fit_v1_parabola_c	fit_v1_parabola_a_err	fit_v1_parabola_b_err	fit_v1_parabola_c_err	fit_v1_line_m	fit_v1_line_q	fit_v1_line_m_err	fit_v1_line_q_err	fit_v1_d0	fit_v1_L	fit_v1_d0_err	fit_v1_L_err	fit_v1_x	fit_v1_d_signed	fit_v1_d_abs	fit_v1_d_fit	fit_v1_theta_x	fit_v1_theta	|	direct_pre_file_name	direct_pre_file_time	direct_post_file_name	direct_post_file_time	direct_sample_method	direct_n_samples	direct_registration_rmse	direct_d0	direct_L	direct_d0_err	direct_L_err	direct_x	direct_d_signed	direct_d_abs	direct_d_fit	direct_theta_x	direct_theta
28	bBLG_WSe2_push0011	103453	3.051477551e-05	-0.01709363153	0.707170914	2.574122474e-05	0.001216625659	0.01187097954	-0.01256607139	0.6805099899	0.001400147472	0.009120172895	0.1780833541	34.96913577	1552560.985	101622295.1	0	-0.002040989908	0.002040989908	0	12.055874	0	|	bBLG_WSe2_push0000	102120	bBLG_WSe2_push0011	103453	arc_length	200	0.02919828691	0.1252570547	20.06762305	6148499.881	328353512.5	0	0.004651781708	0.004651781708	0	28.09602158	0
28	bBLG_WSe2_push0011	103453	3.051477551e-05	-0.01709363153	0.707170914	2.574122474e-05	0.001216625659	0.01187097954	-0.01256607139	0.6805099899	0.001400147472	0.009120172895	0.1780833541	34.96913577	1552560.985	101622295.1	0.469709	0.05605140692	0.05605140692	0	12.682153	0.0002807683922	|	bBLG_WSe2_push0000	102120	bBLG_WSe2_push0011	103453	arc_length	200	0.02919828691	0.1252570547	20.06762305	6148499.881	328353512.5	0.2361010217	0.02218214004	0.02218214004	0	28.33212261	0.0001485094233
28	bBLG_WSe2_push0011	103453	3.051477551e-05	-0.01709363153	0.707170914	2.574122474e-05	0.001216625659	0.01187097954	-0.01256607139	0.6805099899	0.001400147472	0.009120172895	0.1780833541	34.96913577	1552560.985	101622295.1	0.991609	0.01041963958	0.01041963958	0	13.308432	0.001123073569	|	bBLG_WSe2_push0000	102120	bBLG_WSe2_push0011	103453	arc_length	200	0.02919828691	0.1252570547	20.06762305	6148499.881	328353512.5	0.4722020434	0.03969402364	0.03969402364	0	28.56822363	0.0005940376933
28	bBLG_WSe2_push0011	103453	3.051477551e-05	-0.01709363153	0.707170914	2.574122474e-05	0.001216625659	0.01187097954	-0.01256607139	0.6805099899	0.001400147472	0.009120172895	0.1780833541	34.96913577	1552560.985	101622295.1	1.461318	-0.0358679636	0.0358679636	0	13.830332	0.002253948376	|	bBLG_WSe2_push0000	102120	bBLG_WSe2_push0011	103453	arc_length	200	0.02919828691	0.1252570547	20.06762305	6148499.881	328353512.5	0.7083030652	0.008481945302	0.008481945302	0	28.80432465	0.00133658481
28	bBLG_WSe2_push0011	103453	3.051477551e-05	-0.01709363153	0.707170914	2.574122474e-05	0.001216625659	0.01187097954	-0.01256607139	0.6805099899	0.001400147472	0.009120172895	0.1780833541	34.96913577	1552560.985	101622295.1	1.983217	-0.0293097435	0.0293097435	0	14.456611	0.004125738399	|	bBLG_WSe2_push0000	102120	bBLG_WSe2_push0011	103453	arc_length	200	0.02919828691	0.1252570547	20.06762305	6148499.881	328353512.5	0.9444040869	-0.005872057033	0.005872057033	0	29.04042567	0.002376150772
28	bBLG_WSe2_push0011	103453	3.051477551e-05	-0.01709363153	0.707170914	2.574122474e-05	0.001216625659	0.01187097954	-0.01256607139	0.6805099899	0.001400147472	0.009120172895	0.1780833541	34.96913577	1552560.985	101622295.1	2.452927	-0.02340733411	0.02340733411	0	15.13508	0.006787189936	|	bBLG_WSe2_push0000	102120	bBLG_WSe2_push0011	103453	arc_length	200	0.02919828691	0.1252570547	20.06762305	6148499.881	328353512.5	1.180505109	-0.02204470922	0.02204470922	0	29.27652669	0.003712735578
28	bBLG_WSe2_push0011	103453	3.051477551e-05	-0.01709363153	0.707170914	2.574122474e-05	0.001216625659	0.01187097954	-0.01256607139	0.6805099899	0.001400147472	0.009120172895	0.1780833541	34.96913577	1552560.985	101622295.1	3.079206	-0.01553746748	0.01553746748	0	15.813549	0.0101076674	|	bBLG_WSe2_push0000	102120	bBLG_WSe2_push0011	103453	arc_length	200	0.02919828691	0.1252570547	20.06762305	6148499.881	328353512.5	1.41660613	-0.03146812723	0.03146812723	0	29.51262771	0.005346339224
28	bBLG_WSe2_push0011	103453	3.051477551e-05	-0.01709363153	0.707170914	2.574122474e-05	0.001216625659	0.01187097954	-0.01256607139	0.6805099899	0.001400147472	0.009120172895	0.1780833541	34.96913577	1552560.985	101622295.1	3.653295	-0.008323424126	0.008323424126	0	16.439828	0.01375765723	|	bBLG_WSe2_push0000	102120	bBLG_WSe2_push0011	103453	arc_length	200	0.02919828691	0.1252570547	20.06762305	6148499.881	328353512.5	1.652707152	-0.006735879517	0.006735879517	0	29.74872874	0.007276961704
28	bBLG_WSe2_push0011	103453	3.051477551e-05	-0.01709363153	0.707170914	2.574122474e-05	0.001216625659	0.01187097954	-0.01256607139	0.6805099899	0.001400147472	0.009120172895	0.1780833541	34.96913577	1552560.985	101622295.1	4.227384	-0.001109380767	0.001109380767	0	17.118297	0.01834549197	|	bBLG_WSe2_push0000	102120	bBLG_WSe2_push0011	103453	arc_length	200	0.02919828691	0.1252570547	20.06762305	6148499.881	328353512.5	1.888808174	0.02497341307	0.02497341307	0	29.98482976	0.009504603005
28	bBLG_WSe2_push0011	103453	3.051477551e-05	-0.01709363153	0.707170914	2.574122474e-05	0.001216625659	0.01187097954	-0.01256607139	0.6805099899	0.001400147472	0.009120172895	0.1780833541	34.96913577	1552560.985	101622295.1	4.801474	0.006104675157	0.006104675157	0	17.796766	0.02359235233	|	bBLG_WSe2_push0000	102120	bBLG_WSe2_push0011	103453	arc_length	200	0.02919828691	0.1252570547	20.06762305	6148499.881	328353512.5	2.124909195	0.02243350586	0.02243350586	0	30.22093078	0.01202926311
28	bBLG_WSe2_push0011	103453	3.051477551e-05	-0.01709363153	0.707170914	2.574122474e-05	0.001216625659	0.01187097954	-0.01256607139	0.6805099899	0.001400147472	0.009120172895	0.1780833541	34.96913577	1552560.985	101622295.1	5.479943	0.01463036505	0.01463036505	0	18.475235	0.02949823809	|	bBLG_WSe2_push0000	102120	bBLG_WSe2_push0011	103453	arc_length	200	0.02919828691	0.1252570547	20.06762305	6148499.881	328353512.5	2.361010217	0.01394630984	0.01394630984	0	30.4570318	0.014850942
28	bBLG_WSe2_push0011	103453	3.051477551e-05	-0.01709363153	0.707170914	2.574122474e-05	0.001216625659	0.01187097954	-0.01256607139	0.6805099899	0.001400147472	0.009120172895	0.1780833541	34.96913577	1552560.985	101622295.1	6.054032	0.02184440841	0.02184440841	0	19.049325	0.03501027603	|	bBLG_WSe2_push0000	102120	bBLG_WSe2_push0011	103453	arc_length	200	0.02919828691	0.1252570547	20.06762305	6148499.881	328353512.5	2.597111239	0.00536833969	0.00536833969	0	30.69313282	0.01796963963
28	bBLG_WSe2_push0011	103453	3.051477551e-05	-0.01709363153	0.707170914	2.574122474e-05	0.001216625659	0.01187097954	-0.01256607139	0.6805099899	0.001400147472	0.009120172895	0.1780833541	34.96913577	1552560.985	101622295.1	6.628121	0.02905845177	0.02905845177	0	19.779984	0.04270801	|	bBLG_WSe2_push0000	102120	bBLG_WSe2_push0011	103453	arc_length	200	0.02919828691	0.1252570547	20.06762305	6148499.881	328353512.5	2.833212261	-0.003209630464	0.003209630464	0	30.92923385	0.02138535597
28	bBLG_WSe2_push0011	103453	3.051477551e-05	-0.01709363153	0.707170914	2.574122474e-05	0.001216625659	0.01187097954	-0.01256607139	0.6805099899	0.001400147472	0.009120172895	0.1780833541	34.96913577	1552560.985	101622295.1	7.35878	-0.01395003508	0.01395003508	0	20.301883	0.04867433431	|	bBLG_WSe2_push0000	102120	bBLG_WSe2_push0011	103453	arc_length	200	0.02919828691	0.1252570547	20.06762305	6148499.881	328353512.5	3.069313282	-0.01178760062	0.01178760062	0	31.16533487	0.02509809094
28	bBLG_WSe2_push0011	103453	3.051477551e-05	-0.01709363153	0.707170914	2.574122474e-05	0.001216625659	0.01187097954	-0.01256607139	0.6805099899	0.001400147472	0.009120172895	0.1780833541	34.96913577	1552560.985	101622295.1	7.88068	-0.00739180242	0.00739180242	0	21.032542	0.05768231686	|	bBLG_WSe2_push0000	102120	bBLG_WSe2_push0011	103453	arc_length	200	0.02919828691	0.1252570547	20.06762305	6148499.881	328353512.5	3.305414304	-0.02068741796	0.02068741796	0	31.40143589	0.02910784447
28	bBLG_WSe2_push0011	103453	3.051477551e-05	-0.01709363153	0.707170914	2.574122474e-05	0.001216625659	0.01187097954	-0.01256607139	0.6805099899	0.001400147472	0.009120172895	0.1780833541	34.96913577	1552560.985	101622295.1	8.402579	-0.0008335823268	0.0008335823268	0	21.815391	0.06818187828	|	bBLG_WSe2_push0000	102120	bBLG_WSe2_push0011	103453	arc_length	200	0.02919828691	0.1252570547	20.06762305	6148499.881	328353512.5	3.541515326	-0.01161914328	0.01161914328	0	31.63753691	0.03341461646
28	bBLG_WSe2_push0011	103453	3.051477551e-05	-0.01709363153	0.707170914	2.574122474e-05	0.001216625659	0.01187097954	-0.01256607139	0.6805099899	0.001400147472	0.009120172895	0.1780833541	34.96913577	1552560.985	101622295.1	8.872288	0.0050688145	0.0050688145	0	22.54605	0.07877307372	|	bBLG_WSe2_push0000	102120	bBLG_WSe2_push0011	103453	arc_length	200	0.02919828691	0.1252570547	20.06762305	6148499.881	328353512.5	3.777616348	-0.001942752363	0.001942752363	0	31.87363793	0.03801840679
28	bBLG_WSe2_push0011	103453	3.051477551e-05	-0.01709363153	0.707170914	2.574122474e-05	0.001216625659	0.01187097954	-0.01256607139	0.6805099899	0.001400147472	0.009120172895	0.1780833541	34.96913577	1552560.985	101622295.1	9.498567	0.01293868112	0.01293868112	0	23.172329	0.08845956506	|	bBLG_WSe2_push0000	102120	bBLG_WSe2_push0011	103453	arc_length	200	0.02919828691	0.1252570547	20.06762305	6148499.881	328353512.5	4.013717369	-0.0003065638764	0.0003065638764	0	32.10973895	0.04291921531
28	bBLG_WSe2_push0011	103453	3.051477551e-05	-0.01709363153	0.707170914	2.574122474e-05	0.001216625659	0.01187097954	-0.01256607139	0.6805099899	0.001400147472	0.009120172895	0.1780833541	34.96913577	1552560.985	101622295.1	10.124847	0.02080856032	0.02080856032	0	23.798608	0.09870758648	|	bBLG_WSe2_push0000	102120	bBLG_WSe2_push0011	103453	arc_length	200	0.02919828691	0.1252570547	20.06762305	6148499.881	328353512.5	4.249818391	-0.0201168306	0.0201168306	0	32.34583998	0.04811704184
28	bBLG_WSe2_push0011	103453	3.051477551e-05	-0.01709363153	0.707170914	2.574122474e-05	0.001216625659	0.01187097954	-0.01256607139	0.6805099899	0.001400147472	0.009120172895	0.1780833541	34.96913577	1552560.985	101622295.1	10.751126	-0.02351157306	0.02351157306	0	24.424888	0.109517154	|	bBLG_WSe2_push0000	102120	bBLG_WSe2_push0011	103453	arc_length	200	0.02919828691	0.1252570547	20.06762305	6148499.881	328353512.5	4.485919413	-0.01937899717	0.01937899717	0	32.581941	0.05361188617
28	bBLG_WSe2_push0011	103453	3.051477551e-05	-0.01709363153	0.707170914	2.574122474e-05	0.001216625659	0.01187097954	-0.01256607139	0.6805099899	0.001400147472	0.009120172895	0.1780833541	34.96913577	1552560.985	101622295.1	11.377405	-0.01564170644	0.01564170644	0	25.051167	0.1208882313	|	bBLG_WSe2_push0000	102120	bBLG_WSe2_push0011	103453	arc_length	200	0.02919828691	0.1252570547	20.06762305	6148499.881	328353512.5	4.722020434	0.005639858058	0.005639858058	0	32.81804202	0.05940374804
28	bBLG_WSe2_push0011	103453	3.051477551e-05	-0.01709363153	0.707170914	2.574122474e-05	0.001216625659	0.01187097954	-0.01256607139	0.6805099899	0.001400147472	0.009120172895	0.1780833541	34.96913577	1552560.985	101622295.1	12.055874	0.04507398346	0.04507398346	0	25.677446	0.1328208328	|	bBLG_WSe2_push0000	102120	bBLG_WSe2_push0011	103453	arc_length	200	0.02919828691	0.1252570547	20.06762305	6148499.881	328353512.5	4.958121456	0.03087076522	0.03087076522	0	33.05414304	0.06549262716
28	bBLG_WSe2_push0011	103453	3.051477551e-05	-0.01709363153	0.707170914	2.574122474e-05	0.001216625659	0.01187097954	-0.01256607139	0.6805099899	0.001400147472	0.009120172895	0.1780833541	34.96913577	1552560.985	101622295.1	12.682153	0.0007538500796	0.0007538500796	1.022991859e-06	26.251535	0.1442523304	|	bBLG_WSe2_push0000	102120	bBLG_WSe2_push0011	103453	arc_length	200	0.02919828691	0.1252570547	20.06762305	6148499.881	328353512.5	5.194222478	0.05504189845	0.05504189845	0	33.29024406	0.07187852318
28	bBLG_WSe2_push0011	103453	3.051477551e-05	-0.01709363153	0.707170914	2.574122474e-05	0.001216625659	0.01187097954	-0.01256607139	0.6805099899	0.001400147472	0.009120172895	0.1780833541	34.96913577	1552560.985	101622295.1	13.308432	0.008623716704	0.008623716704	8.183934869e-06	26.930004	0.1583705978	|	bBLG_WSe2_push0000	102120	bBLG_WSe2_push0011	103453	arc_length	200	0.02919828691	0.1252570547	20.06762305	6148499.881	328353512.5	5.4303235	0.06472508394	0.06472508394	0	33.52634508	0.0785614357
28	bBLG_WSe2_push0011	103453	3.051477551e-05	-0.01709363153	0.707170914	2.574122474e-05	0.001216625659	0.01187097954	-0.01256607139	0.6805099899	0.001400147472	0.009120172895	0.1780833541	34.96913577	1552560.985	101622295.1	13.830332	-0.03700705064	0.03700705064	2.326836149e-05	27.608473	0.1731478659	|	bBLG_WSe2_push0000	102120	bBLG_WSe2_push0011	103453	arc_length	200	0.02919828691	0.1252570547	20.06762305	6148499.881	328353512.5	5.666424521	0.07434787584	0.07434787584	0	33.76244611	0.08554136428
28	bBLG_WSe2_push0011	103453	3.051477551e-05	-0.01709363153	0.707170914	2.574122474e-05	0.001216625659	0.01187097954	-0.01256607139	0.6805099899	0.001400147472	0.009120172895	0.1780833541	34.96913577	1552560.985	101622295.1	14.456611	-0.02913718401	0.02913718401	5.76238653e-05	28.286942	0.1885841299	|	bBLG_WSe2_push0000	102120	bBLG_WSe2_push0011	103453	arc_length	200	0.02919828691	0.1252570547	20.06762305	6148499.881	328353512.5	5.902525543	0.07212455872	0.07212455872	0	33.99854713	0.09281830838
28	bBLG_WSe2_push0011	103453	3.051477551e-05	-0.01709363153	0.707170914	2.574122474e-05	0.001216625659	0.01187097954	-0.01256607139	0.6805099899	0.001400147472	0.009120172895	0.1780833541	34.96913577	1552560.985	101622295.1	15.13508	-0.02061149412	0.02061149412	0.0001215863614	29.017601	0.2059447777	|	bBLG_WSe2_push0000	102120	bBLG_WSe2_push0011	103453	arc_length	200	0.02919828691	0.1252570547	20.06762305	6148499.881	328353512.5	6.138626565	0.06201729375	0.06201729375	0	34.23464815	0.1003922674
28	bBLG_WSe2_push0011	103453	3.051477551e-05	-0.01709363153	0.707170914	2.574122474e-05	0.001216625659	0.01187097954	-0.01256607139	0.6805099899	0.001400147472	0.009120172895	0.1780833541	34.96913577	1552560.985	101622295.1	15.813549	-0.01208580423	0.01208580423	0.0002209664179	29.643881	0.2214336473	|	bBLG_WSe2_push0000	102120	bBLG_WSe2_push0011	103453	arc_length	200	0.02919828691	0.1252570547	20.06762305	6148499.881	328353512.5	6.374727586	0.05193020476	0.05193020476	0	34.47074917	0.1082632408
28	bBLG_WSe2_push0011	103453	3.051477551e-05	-0.01709363153	0.707170914	2.574122474e-05	0.001216625659	0.01187097954	-0.01256607139	0.6805099899	0.001400147472	0.009120172895	0.1780833541	34.96913577	1552560.985	101622295.1	16.439828	-0.004215937607	0.004215937607	0.0003508864476	30.32235	0.238846863	|	bBLG_WSe2_push0000	102120	bBLG_WSe2_push0011	103453	arc_length	200	0.02919828691	0.1252570547	20.06762305	6148499.881	328353512.5	6.610828608	0.04026941673	0.04026941673	0	34.70685019	0.1164312276
28	bBLG_WSe2_push0011	103453	3.051477551e-05	-0.01709363153	0.707170914	2.574122474e-05	0.001216625659	0.01187097954	-0.01256607139	0.6805099899	0.001400147472	0.009120172895	0.1780833541	34.96913577	1552560.985	101622295.1	17.118297	-0.04788024772	0.04788024772	0.0005403111389	31.000819	0.2569190474	|	bBLG_WSe2_push0000	102120	bBLG_WSe2_push0011	103453	arc_length	200	0.02919828691	0.1252570547	20.06762305	6148499.881	328353512.5	6.84692963	0.0134709779	0.0134709779	0	34.94295121	0.1248962272
28	bBLG_WSe2_push0011	103453	3.051477551e-05	-0.01709363153	0.707170914	2.574122474e-05	0.001216625659	0.01187097954	-0.01256607139	0.6805099899	0.001400147472	0.009120172895	0.1780833541	34.96913577	1552560.985	101622295.1	17.796766	-0.03935455783	0.03935455783	0.0007879646956	31.522718	0.2712691262	|	bBLG_WSe2_push0000	102120	bBLG_WSe2_push0011	103453	arc_length	200	0.02919828691	0.1252570547	20.06762305	6148499.881	328353512.5	7.083030652	-0.006715982371	0.006715982371	0	35.17905224	0.1336582385
28	bBLG_WSe2_push0011	103453	3.051477551e-05	-0.01709363153	0.707170914	2.574122474e-05	0.001216625659	0.01187097954	-0.01256607139	0.6805099899	0.001400147472	0.009120172895	0.1780833541	34.96913577	1552560.985	101622295.1	18.475235	-0.08301886794	0.08301886794	0.001101650986	32.148997	0.2890039101	|	bBLG_WSe2_push0000	102120	bBLG_WSe2_push0011	103453	arc_length	200	0.02919828691	0.1252570547	20.06762305	6148499.881	328353512.5	7.319131673	-0.0140204067	0.0140204067	0	35.41515326	0.1427172606
28	bBLG_WSe2_push0011	103453	3.051477551e-05	-0.01709363153	0.707170914	2.574122474e-05	0.001216625659	0.01187097954	-0.01256607139	0.6805099899	0.001400147472	0.009120172895	0.1780833541	34.96913577	1552560.985	101622295.1	19.049325	-0.02361481201	0.02361481201	0.001424436974	32.775276	0.3073001592	|	bBLG_WSe2_push0000	102120	bBLG_WSe2_push0011	103453	arc_length	200	0.02919828691	0.1252570547	20.06762305	6148499.881	328353512.5	7.555232695	-0.00799486114	0.00799486114	0	35.65125428	0.1520732924
28	bBLG_WSe2_push0011	103453	3.051477551e-05	-0.01709363153	0.707170914	2.574122474e-05	0.001216625659	0.01187097954	-0.01256607139	0.6805099899	0.001400147472	0.009120172895	0.1780833541	34.96913577	1552560.985	101622295.1	19.779984	-0.01443329885	0.01443329885	0.001919172355	33.453745	0.3277546855	|	bBLG_WSe2_push0000	102120	bBLG_WSe2_push0011	103453	arc_length	200	0.02919828691	0.1252570547	20.06762305	6148499.881	328353512.5	7.791333717	-0.01804300085	0.01804300085	0	35.8873553	0.1617263325
28	bBLG_WSe2_push0011	103453	3.051477551e-05	-0.01709363153	0.707170914	2.574122474e-05	0.001216625659	0.01187097954	-0.01256607139	0.6805099899	0.001400147472	0.009120172895	0.1780833541	34.96913577	1552560.985	101622295.1	20.301883	-0.06006507876	0.06006507876	0.002335070743	34.080025	0.3472206547	|	bBLG_WSe2_push0000	102120	bBLG_WSe2_push0011	103453	arc_length	200	0.02919828691	0.1252570547	20.06762305	6148499.881	328353512.5	8.027434738	-0.02992407787	0.02992407787	0	36.12345632	0.1716763796
28	bBLG_WSe2_push0011	103453	3.051477551e-05	-0.01709363153	0.707170914	2.574122474e-05	0.001216625659	0.01187097954	-0.01256607139	0.6805099899	0.001400147472	0.009120172895	0.1780833541	34.96913577	1552560.985	101622295.1	21.032542	-0.05088356561	0.05088356561	0.003012410264	34.601924	0.3638711381	|	bBLG_WSe2_push0000	102120	bBLG_WSe2_push0011	103453	arc_length	200	0.02919828691	0.1252570547	20.06762305	6148499.881	328353512.5	8.26353576	-0.03263341055	0.03263341055	0	36.35955734	0.1819234322
28	bBLG_WSe2_push0011	103453	3.051477551e-05	-0.01709363153	0.707170914	2.574122474e-05	0.001216625659	0.01187097954	-0.01256607139	0.6805099899	0.001400147472	0.009120172895	0.1780833541	34.96913577	1552560.985	101622295.1	21.815391	-0.04104622918	0.04104622918	0.003871271263	35.176013	0.382636981	|	bBLG_WSe2_push0000	102120	bBLG_WSe2_push0011	103453	arc_length	200	0.02919828691	0.1252570547	20.06762305	6148499.881	328353512.5	8.499636782	-0.0230735094	0.0230735094	0	36.59565837	0.1924674887
28	bBLG_WSe2_push0011	103453	3.051477551e-05	-0.01709363153	0.707170914	2.574122474e-05	0.001216625659	0.01187097954	-0.01256607139	0.6805099899	0.001400147472	0.009120172895	0.1780833541	34.96913577	1552560.985	101622295.1	22.54605	-0.08405471603	0.08405471603	0.004807474099	35.750102	0.4018745653	|	bBLG_WSe2_push0000	102120	bBLG_WSe2_push0011	103453	arc_length	200	0.02919828691	0.1252570547	20.06762305	6148499.881	328353512.5	8.735737804	-0.0135301248	0.0135301248	0	36.83175939	0.2033085472
28	bBLG_WSe2_push0011	103453	3.051477551e-05	-0.01709363153	0.707170914	2.574122474e-05	0.001216625659	0.01187097954	-0.01256607139	0.6805099899	0.001400147472	0.009120172895	0.1780833541	34.96913577	1552560.985	101622295.1	23.172329	-0.0761848494	0.0761848494	0.005720942357	36.376382	0.4233990654	|	bBLG_WSe2_push0000	102120	bBLG_WSe2_push0011	103453	arc_length	200	0.02919828691	0.1252570547	20.06762305	6148499.881	328353512.5	8.971838825	-0.003986740189	0.003986740189	0	37.06786041	0.2144466059
28	bBLG_WSe2_push0011	103453	3.051477551e-05	-0.01709363153	0.707170914	2.574122474e-05	0.001216625659	0.01187097954	-0.01256607139	0.6805099899	0.001400147472	0.009120172895	0.1780833541	34.96913577	1552560.985	101622295.1	23.798608	-0.06831498278	0.06831498278	0.006743359275	37.107041	0.4492204737	|	bBLG_WSe2_push0000	102120	bBLG_WSe2_push0011	103453	arc_length	200	0.02919828691	0.1252570547	20.06762305	6148499.881	328353512.5	9.207939847	0.005545980273	0.005545980273	0	37.30396143	0.2258816626
28	bBLG_WSe2_push0011	103453	3.051477551e-05	-0.01709363153	0.707170914	2.574122474e-05	0.001216625659	0.01187097954	-0.01256607139	0.6805099899	0.001400147472	0.009120172895	0.1780833541	34.96913577	1552560.985	101622295.1	24.424888	-0.1126351036	0.1126351036	0.007880864715	37.8377	0.4758059611	|	bBLG_WSe2_push0000	102120	bBLG_WSe2_push0011	103453	arc_length	200	0.02919828691	0.1252570547	20.06762305	6148499.881	328353512.5	9.444040869	0.001408525838	0.001408525838	0	37.54006245	0.2376137151
28	bBLG_WSe2_push0011	103453	3.051477551e-05	-0.01709363153	0.707170914	2.574122474e-05	0.001216625659	0.01187097954	-0.01256607139	0.6805099899	0.001400147472	0.009120172895	0.1780833541	34.96913577	1552560.985	101622295.1	25.051167	-0.05257523696	0.05257523696	0.009139593004	38.568359	0.5031554991	|	bBLG_WSe2_push0000	102120	bBLG_WSe2_push0011	103453	arc_length	200	0.02919828691	0.1252570547	20.06762305	6148499.881	328353512.5	9.68014189	-0.008681831938	0.008681831938	0	37.77616348	0.2496427608
28	bBLG_WSe2_push0011	103453	3.051477551e-05	-0.01709363153	0.707170914	2.574122474e-05	0.001216625659	0.01187097954	-0.01256607139	0.6805099899	0.001400147472	0.009120172895	0.1780833541	34.96913577	1552560.985	101622295.1	25.677446	-0.04470537034	0.04470537034	0.01052568382	39.038068	0.5211407823	|	bBLG_WSe2_push0000	102120	bBLG_WSe2_push0011	103453	arc_length	200	0.02919828691	0.1252570547	20.06762305	6148499.881	328353512.5	9.916242912	-0.01873246652	0.01873246652	0	38.0122645	0.2619687972
28	bBLG_WSe2_push0011	103453	3.051477551e-05	-0.01709363153	0.707170914	2.574122474e-05	0.001216625659	0.01187097954	-0.01256607139	0.6805099899	0.001400147472	0.009120172895	0.1780833541	34.96913577	1552560.985	101622295.1	26.251535	-0.08968132698	0.08968132698	0.01191339353	39.664347	0.5456123123	|	bBLG_WSe2_push0000	102120	bBLG_WSe2_push0011	103453	arc_length	200	0.02919828691	0.1252570547	20.06762305	6148499.881	328353512.5	10.15234393	-0.01091800226	0.01091800226	0	38.24836552	0.2745918214
28	bBLG_WSe2_push0011	103453	3.051477551e-05	-0.01709363153	0.707170914	2.574122474e-05	0.001216625659	0.01187097954	-0.01256607139	0.6805099899	0.001400147472	0.009120172895	0.1780833541	34.96913577	1552560.985	101622295.1	26.930004	-0.08115563709	0.08115563709	0.01370450482	40.342816	0.5727565303	|	bBLG_WSe2_push0000	102120	bBLG_WSe2_push0011	103453	arc_length	200	0.02919828691	0.1252570547	20.06762305	6148499.881	328353512.5	10.38844496	-0.02099740621	0.02099740621	0	38.48446654	0.2875118303
28	bBLG_WSe2_push0011	103453	3.051477551e-05	-0.01709363153	0.707170914	2.574122474e-05	0.001216625659	0.01187097954	-0.01256607139	0.6805099899	0.001400147472	0.009120172895	0.1780833541	34.96913577	1552560.985	101622295.1	27.608473	-0.0726299472	0.0726299472	0.01566670092	41.021285	0.6005594449	|	bBLG_WSe2_push0000	102120	bBLG_WSe2_push0011	103453	arc_length	200	0.02919828691	0.1252570547	20.06762305	6148499.881	328353512.5	10.62454598	-0.03107811659	0.03107811659	0	38.72056756	0.3007288206
28	bBLG_WSe2_push0011	103453	3.051477551e-05	-0.01709363153	0.707170914	2.574122474e-05	0.001216625659	0.01187097954	-0.01256607139	0.6805099899	0.001400147472	0.009120172895	0.1780833541	34.96913577	1552560.985	101622295.1	28.286942	-0.06410425731	0.06410425731	0.0178077857	41.699754	0.6290210232	|	bBLG_WSe2_push0000	102120	bBLG_WSe2_push0011	103453	arc_length	200	0.02919828691	0.1252570547	20.06762305	6148499.881	328353512.5	10.860647	-0.03308775728	0.03308775728	0	38.95666858	0.3142427889
28	bBLG_WSe2_push0011	103453	3.051477551e-05	-0.01709363153	0.707170914	2.574122474e-05	0.001216625659	0.01187097954	-0.01256607139	0.6805099899	0.001400147472	0.009120172895	0.1780833541	34.96913577	1552560.985	101622295.1	29.017601	-0.002732744151	0.002732744151	0.02032257972	42.326034	0.6558778719	|	bBLG_WSe2_push0000	102120	bBLG_WSe2_push0011	103453	arc_length	200	0.02919828691	0.1252570547	20.06762305	6148499.881	328353512.5	11.09674802	-0.0235548862	0.0235548862	0	39.19276961	0.3280537312
28	bBLG_WSe2_push0011	103453	3.051477551e-05	-0.01709363153	0.707170914	2.574122474e-05	0.001216625659	0.01187097954	-0.01256607139	0.6805099899	0.001400147472	0.009120172895	0.1780833541	34.96913577	1552560.985	101622295.1	29.643881	-0.04705286496	0.04705286496	0.02265784067	43.056693	0.6879200727	|	bBLG_WSe2_push0000	102120	bBLG_WSe2_push0011	103453	arc_length	200	0.02919828691	0.1252570547	20.06762305	6148499.881	328353512.5	11.33284904	-0.02083073061	0.02083073061	0	39.42887063	0.3421616438
28	bBLG_WSe2_push0011	103453	3.051477551e-05	-0.01709363153	0.707170914	2.574122474e-05	0.001216625659	0.01187097954	-0.01256607139	0.6805099899	0.001400147472	0.009120172895	0.1780833541	34.96913577	1552560.985	101622295.1	30.32235	-0.03852717507	0.03852717507	0.02538241502	43.735162	0.7183574225	|	bBLG_WSe2_push0000	102120	bBLG_WSe2_push0011	103453	arc_length	200	0.02919828691	0.1252570547	20.06762305	6148499.881	328353512.5	11.56895006	-0.01715065099	0.01715065099	0	39.66497165	0.3565665222
28	bBLG_WSe2_push0011	103453	3.051477551e-05	-0.01709363153	0.707170914	2.574122474e-05	0.001216625659	0.01187097954	-0.01256607139	0.6805099899	0.001400147472	0.009120172895	0.1780833541	34.96913577	1552560.985	101622295.1	31.000819	-0.03000148518	0.03000148518	0.02831709354	44.309251	0.7446264353	|	bBLG_WSe2_push0000	102120	bBLG_WSe2_push0011	103453	arc_length	200	0.02919828691	0.1252570547	20.06762305	6148499.881	328353512.5	11.80505109	-0.009134364143	0.009134364143	0	39.90107267	0.3712683619
28	bBLG_WSe2_push0011	103453	3.051477551e-05	-0.01709363153	0.707170914	2.574122474e-05	0.001216625659	0.01187097954	-0.01256607139	0.6805099899	0.001400147472	0.009120172895	0.1780833541	34.96913577	1552560.985	101622295.1	31.522718	-0.07563326509	0.07563326509	0.0307224096	45.14429	0.7836775158	|	bBLG_WSe2_push0000	102120	bBLG_WSe2_push0011	103453	arc_length	200	0.02919828691	0.1252570547	20.06762305	6148499.881	328353512.5	12.04115211	0.01127465385	0.01127465385	0	40.13717369	0.3862671581
28	bBLG_WSe2_push0011	103453	3.051477551e-05	-0.01709363153	0.707170914	2.574122474e-05	0.001216625659	0.01187097954	-0.01256607139	0.6805099899	0.001400147472	0.009120172895	0.1780833541	34.96913577	1552560.985	101622295.1	32.148997	-0.1199533985	0.1199533985	0.03378399137	46.031519	0.8262620937	|	bBLG_WSe2_push0000	102120	bBLG_WSe2_push0011	103453	arc_length	200	0.02919828691	0.1252570547	20.06762305	6148499.881	328353512.5	12.27725313	0.00582305402	0.00582305402	0	40.37327471	0.4015629056
28	bBLG_WSe2_push0011	103453	3.051477551e-05	-0.01709363153	0.707170914	2.574122474e-05	0.001216625659	0.01187097954	-0.01256607139	0.6805099899	0.001400147472	0.009120172895	0.1780833541	34.96913577	1552560.985	101622295.1	32.775276	-0.1120835318	0.1120835318	0.03704249912	46.918748	0.8699724734	|	bBLG_WSe2_push0000	102120	bBLG_WSe2_push0011	103453	arc_length	200	0.02919828691	0.1252570547	20.06762305	6148499.881	328353512.5	12.51335415	-0.004257656361	0.004257656361	0	40.60937574	0.4171555989
28	bBLG_WSe2_push0011	103453	3.051477551e-05	-0.01709363153	0.707170914	2.574122474e-05	0.001216625659	0.01187097954	-0.01256607139	0.6805099899	0.001400147472	0.009120172895	0.1780833541	34.96913577	1552560.985	101622295.1	33.453745	-0.1557478419	0.1557478419	0.04080189408	nan	nan	|	bBLG_WSe2_push0000	102120	bBLG_WSe2_push0011	103453	arc_length	200	0.02919828691	0.1252570547	20.06762305	6148499.881	328353512.5	12.74945517	-0.0101095822	0.0101095822	0	40.84547676	0.4330452324
28	bBLG_WSe2_push0011	103453	3.051477551e-05	-0.01709363153	0.707170914	2.574122474e-05	0.001216625659	0.01187097954	-0.01256607139	0.6805099899	0.001400147472	0.009120172895	0.1780833541	34.96913577	1552560.985	101622295.1	34.080025	-0.1478779628	0.1478779628	0.04449038429	nan	nan	|	bBLG_WSe2_push0000	102120	bBLG_WSe2_push0011	103453	arc_length	200	0.02919828691	0.1252570547	20.06762305	6148499.881	328353512.5	12.98555619	-0.003132341913	0.003132341913	0	41.08157778	0.4492317999
28	bBLG_WSe2_push0011	103453	3.051477551e-05	-0.01709363153	0.707170914	2.574122474e-05	0.001216625659	0.01187097954	-0.01256607139	0.6805099899	0.001400147472	0.009120172895	0.1780833541	34.96913577	1552560.985	101622295.1	34.601924	-0.1413197427	0.1413197427	0.04772874626	nan	nan	|	bBLG_WSe2_push0000	102120	bBLG_WSe2_push0011	103453	arc_length	200	0.02919828691	0.1252570547	20.06762305	6148499.881	328353512.5	13.22165722	-0.01487889649	0.01487889649	0	41.3176788	0.4657152949
28	bBLG_WSe2_push0011	103453	3.051477551e-05	-0.01709363153	0.707170914	2.574122474e-05	0.001216625659	0.01187097954	-0.01256607139	0.6805099899	0.001400147472	0.009120172895	0.1780833541	34.96913577	1552560.985	101622295.1	35.176013	-0.1341056993	0.1341056993	0.05146831513	nan	nan	|	bBLG_WSe2_push0000	102120	bBLG_WSe2_push0011	103453	arc_length	200	0.02919828691	0.1252570547	20.06762305	6148499.881	328353512.5	13.45775824	-0.04009373284	0.04009373284	0	41.55377982	0.4824957106
28	bBLG_WSe2_push0011	103453	3.051477551e-05	-0.01709363153	0.707170914	2.574122474e-05	0.001216625659	0.01187097954	-0.01256607139	0.6805099899	0.001400147472	0.009120172895	0.1780833541	34.96913577	1552560.985	101622295.1	35.750102	-0.1790816559	0.1790816559	0.0553982848	nan	nan	|	bBLG_WSe2_push0000	102120	bBLG_WSe2_push0011	103453	arc_length	200	0.02919828691	0.1252570547	20.06762305	6148499.881	328353512.5	13.69385926	-0.04825832941	0.04825832941	0	41.78988084	0.4995730398
28	bBLG_WSe2_push0011	103453	3.051477551e-05	-0.01709363153	0.707170914	2.574122474e-05	0.001216625659	0.01187097954	-0.01256607139	0.6805099899	0.001400147472	0.009120172895	0.1780833541	34.96913577	1552560.985	101622295.1	36.376382	-0.1190217768	0.1190217768	0.05990823924	nan	nan	|	bBLG_WSe2_push0000	102120	bBLG_WSe2_push0011	103453	arc_length	200	0.02919828691	0.1252570547	20.06762305	6148499.881	328353512.5	13.92996028	-0.03277181121	0.03277181121	0	42.02598187	0.5169472749
28	bBLG_WSe2_push0011	103453	3.051477551e-05	-0.01709363153	0.707170914	2.574122474e-05	0.001216625659	0.01187097954	-0.01256607139	0.6805099899	0.001400147472	0.009120172895	0.1780833541	34.96913577	1552560.985	101622295.1	37.107041	-0.1620302636	0.1620302636	0.06547153384	nan	nan	|	bBLG_WSe2_push0000	102120	bBLG_WSe2_push0011	103453	arc_length	200	0.02919828691	0.1252570547	20.06762305	6148499.881	328353512.5	14.1660613	-0.005081160712	0.005081160712	0	42.26208289	0.5346184079
28	bBLG_WSe2_push0011	103453	3.051477551e-05	-0.01709363153	0.707170914	2.574122474e-05	0.001216625659	0.01187097954	-0.01256607139	0.6805099899	0.001400147472	0.009120172895	0.1780833541	34.96913577	1552560.985	101622295.1	37.8377	-0.1528487504	0.1528487504	0.07136900602	nan	nan	|	bBLG_WSe2_push0000	102120	bBLG_WSe2_push0011	103453	arc_length	200	0.02919828691	0.1252570547	20.06762305	6148499.881	328353512.5	14.40216232	0.004425545623	0.004425545623	0	42.49818391	0.5525864305
28	bBLG_WSe2_push0011	103453	3.051477551e-05	-0.01709363153	0.707170914	2.574122474e-05	0.001216625659	0.01187097954	-0.01256607139	0.6805099899	0.001400147472	0.009120172895	0.1780833541	34.96913577	1552560.985	101622295.1	38.568359	-0.1436672373	0.1436672373	0.07761040264	nan	nan	|	bBLG_WSe2_push0000	102120	bBLG_WSe2_push0011	103453	arc_length	200	0.02919828691	0.1252570547	20.06762305	6148499.881	328353512.5	14.63826335	0.01140585283	0.01140585283	0	42.73428493	0.5708513338
28	bBLG_WSe2_push0011	103453	3.051477551e-05	-0.01709363153	0.707170914	2.574122474e-05	0.001216625659	0.01187097954	-0.01256607139	0.6805099899	0.001400147472	0.009120172895	0.1780833541	34.96913577	1552560.985	101622295.1	39.038068	-0.1377648405	0.1377648405	0.08180887314	nan	nan	|	bBLG_WSe2_push0000	102120	bBLG_WSe2_push0011	103453	arc_length	200	0.02919828691	0.1252570547	20.06762305	6148499.881	328353512.5	14.87436437	-0.0005000764025	0.0005000764025	0	42.97038595	0.5894131085
28	bBLG_WSe2_push0011	103453	3.051477551e-05	-0.01709363153	0.707170914	2.574122474e-05	0.001216625659	0.01187097954	-0.01256607139	0.6805099899	0.001400147472	0.009120172895	0.1780833541	34.96913577	1552560.985	101622295.1	39.664347	-0.1298949738	0.1298949738	0.08763867234	nan	nan	|	bBLG_WSe2_push0000	102120	bBLG_WSe2_push0011	103453	arc_length	200	0.02919828691	0.1252570547	20.06762305	6148499.881	328353512.5	15.11046539	-0.01228064581	0.01228064581	0	43.20648697	0.6082717448
28	bBLG_WSe2_push0011	103453	3.051477551e-05	-0.01709363153	0.707170914	2.574122474e-05	0.001216625659	0.01187097954	-0.01256607139	0.6805099899	0.001400147472	0.009120172895	0.1780833541	34.96913577	1552560.985	101622295.1	40.342816	-0.1735592839	0.1735592839	0.09425982498	nan	nan	|	bBLG_WSe2_push0000	102120	bBLG_WSe2_push0011	103453	arc_length	200	0.02919828691	0.1252570547	20.06762305	6148499.881	328353512.5	15.34656641	0.002985693969	0.002985693969	0	43.442588	0.6274272326
28	bBLG_WSe2_push0011	103453	3.051477551e-05	-0.01709363153	0.707170914	2.574122474e-05	0.001216625659	0.01187097954	-0.01256607139	0.6805099899	0.001400147472	0.009120172895	0.1780833541	34.96913577	1552560.985	101622295.1	41.021285	-0.1128435941	0.1128435941	0.1012063389	nan	nan	|	bBLG_WSe2_push0000	102120	bBLG_WSe2_push0011	103453	arc_length	200	0.02919828691	0.1252570547	20.06762305	6148499.881	328353512.5	15.58266743	0.03392611149	0.03392611149	0	43.67868902	0.6468795611
28	bBLG_WSe2_push0011	103453	3.051477551e-05	-0.01709363153	0.707170914	2.574122474e-05	0.001216625659	0.01187097954	-0.01256607139	0.6805099899	0.001400147472	0.009120172895	0.1780833541	34.96913577	1552560.985	101622295.1	41.699754	-0.1043179042	0.1043179042	0.108486018	nan	nan	|	bBLG_WSe2_push0000	102120	bBLG_WSe2_push0011	103453	arc_length	200	0.02919828691	0.1252570547	20.06762305	6148499.881	328353512.5	15.81876846	0.05865111935	0.05865111935	0	43.91479004	0.6666287191
28	bBLG_WSe2_push0011	103453	3.051477551e-05	-0.01709363153	0.707170914	2.574122474e-05	0.001216625659	0.01187097954	-0.01256607139	0.6805099899	0.001400147472	0.009120172895	0.1780833541	34.96913577	1552560.985	101622295.1	42.326034	-0.09644802497	0.09644802497	0.11550819	nan	nan	|	bBLG_WSe2_push0000	102120	bBLG_WSe2_push0011	103453	arc_length	200	0.02919828691	0.1252570547	20.06762305	6148499.881	328353512.5	16.05486948	0.04621979836	0.04621979836	0	44.15089106	0.686674695
28	bBLG_WSe2_push0011	103453	3.051477551e-05	-0.01709363153	0.707170914	2.574122474e-05	0.001216625659	0.01187097954	-0.01256607139	0.6805099899	0.001400147472	0.009120172895	0.1780833541	34.96913577	1552560.985	101622295.1	43.056693	-0.03507651182	0.03507651182	0.1240760992	nan	nan	|	bBLG_WSe2_push0000	102120	bBLG_WSe2_push0011	103453	arc_length	200	0.02919828691	0.1252570547	20.06762305	6148499.881	328353512.5	16.2909705	0.03438807182	0.03438807182	0	44.38699208	0.7070174763
28	bBLG_WSe2_push0011	103453	3.051477551e-05	-0.01709363153	0.707170914	2.574122474e-05	0.001216625659	0.01187097954	-0.01256607139	0.6805099899	0.001400147472	0.009120172895	0.1780833541	34.96913577	1552560.985	101622295.1	43.735162	-0.02655082193	0.02655082193	0.1324020976	nan	nan	|	bBLG_WSe2_push0000	102120	bBLG_WSe2_push0011	103453	arc_length	200	0.02919828691	0.1252570547	20.06762305	6148499.881	328353512.5	16.52707152	0.01851457561	0.01851457561	0	44.6230931	0.7276570504
28	bBLG_WSe2_push0011	103453	3.051477551e-05	-0.01709363153	0.707170914	2.574122474e-05	0.001216625659	0.01187097954	-0.01256607139	0.6805099899	0.001400147472	0.009120172895	0.1780833541	34.96913577	1552560.985	101622295.1	44.309251	-0.07152677857	0.07152677857	0.1397314636	nan	nan	|	bBLG_WSe2_push0000	102120	bBLG_WSe2_push0011	103453	arc_length	200	0.02919828691	0.1252570547	20.06762305	6148499.881	328353512.5	16.76317254	-0.009617161869	0.009617161869	0	44.85919413	0.7485934038
28	bBLG_WSe2_push0011	103453	3.051477551e-05	-0.01709363153	0.707170914	2.574122474e-05	0.001216625659	0.01187097954	-0.01256607139	0.6805099899	0.001400147472	0.009120172895	0.1780833541	34.96913577	1552560.985	101622295.1	45.14429	-0.1132236189	0.1132236189	0.1508678012	nan	nan	|	bBLG_WSe2_push0000	102120	bBLG_WSe2_push0011	103453	arc_length	200	0.02919828691	0.1252570547	20.06762305	6148499.881	328353512.5	16.99927356	-0.03754361249	0.03754361249	0	45.09529515	0.7698265225
28	bBLG_WSe2_push0011	103453	3.051477551e-05	-0.01709363153	0.707170914	2.574122474e-05	0.001216625659	0.01187097954	-0.01256607139	0.6805099899	0.001400147472	0.009120172895	0.1780833541	34.96913577	1552560.985	101622295.1	46.031519	-0.1020746359	0.1020746359	0.1633321804	nan	nan	|	bBLG_WSe2_push0000	102120	bBLG_WSe2_push0011	103453	arc_length	200	0.02919828691	0.1252570547	20.06762305	6148499.881	328353512.5	17.23537459	-0.03972574483	0.03972574483	0	45.33139617	0.791356392
28	bBLG_WSe2_push0011	103453	3.051477551e-05	-0.01709363153	0.707170914	2.574122474e-05	0.001216625659	0.01187097954	-0.01256607139	0.6805099899	0.001400147472	0.009120172895	0.1780833541	34.96913577	1552560.985	101622295.1	46.918748	-0.03873565297	0.03873565297	0.1764648405	nan	nan	|	bBLG_WSe2_push0000	102120	bBLG_WSe2_push0011	103453	arc_length	200	0.02919828691	0.1252570547	20.06762305	6148499.881	328353512.5	17.47147561	-0.03016167693	0.03016167693	0	45.56749719	0.813182997
28	bBLG_WSe2_push0011	103453	3.051477551e-05	-0.01709363153	0.707170914	2.574122474e-05	0.001216625659	0.01187097954	-0.01256607139	0.6805099899	0.001400147472	0.009120172895	0.1780833541	34.96913577	1552560.985	101622295.1	nan	nan	nan	nan	nan	nan	|	bBLG_WSe2_push0000	102120	bBLG_WSe2_push0011	103453	arc_length	200	0.02919828691	0.1252570547	20.06762305	6148499.881	328353512.5	17.70757663	-0.02061829233	0.02061829233	0	45.80359821	0.8353063217
28	bBLG_WSe2_push0011	103453	3.051477551e-05	-0.01709363153	0.707170914	2.574122474e-05	0.001216625659	0.01187097954	-0.01256607139	0.6805099899	0.001400147472	0.009120172895	0.1780833541	34.96913577	1552560.985	101622295.1	nan	nan	nan	nan	nan	nan	|	bBLG_WSe2_push0000	102120	bBLG_WSe2_push0011	103453	arc_length	200	0.02919828691	0.1252570547	20.06762305	6148499.881	328353512.5	17.94367765	-0.02072373431	0.02072373431	0	46.03969924	0.8577263497
28	bBLG_WSe2_push0011	103453	3.051477551e-05	-0.01709363153	0.707170914	2.574122474e-05	0.001216625659	0.01187097954	-0.01256607139	0.6805099899	0.001400147472	0.009120172895	0.1780833541	34.96913577	1552560.985	101622295.1	nan	nan	nan	nan	nan	nan	|	bBLG_WSe2_push0000	102120	bBLG_WSe2_push0011	103453	arc_length	200	0.02919828691	0.1252570547	20.06762305	6148499.881	328353512.5	18.17977867	-0.02958781583	0.02958781583	0	46.27580026	0.8804430637
28	bBLG_WSe2_push0011	103453	3.051477551e-05	-0.01709363153	0.707170914	2.574122474e-05	0.001216625659	0.01187097954	-0.01256607139	0.6805099899	0.001400147472	0.009120172895	0.1780833541	34.96913577	1552560.985	101622295.1	nan	nan	nan	nan	nan	nan	|	bBLG_WSe2_push0000	102120	bBLG_WSe2_push0011	103453	arc_length	200	0.02919828691	0.1252570547	20.06762305	6148499.881	328353512.5	18.41587969	-0.05924443328	0.05924443328	0	46.51190128	0.9034564459
28	bBLG_WSe2_push0011	103453	3.051477551e-05	-0.01709363153	0.707170914	2.574122474e-05	0.001216625659	0.01187097954	-0.01256607139	0.6805099899	0.001400147472	0.009120172895	0.1780833541	34.96913577	1552560.985	101622295.1	nan	nan	nan	nan	nan	nan	|	bBLG_WSe2_push0000	102120	bBLG_WSe2_push0011	103453	arc_length	200	0.02919828691	0.1252570547	20.06762305	6148499.881	328353512.5	18.65198072	-0.06344313189	0.06344313189	0	46.7480023	0.9267664777
28	bBLG_WSe2_push0011	103453	3.051477551e-05	-0.01709363153	0.707170914	2.574122474e-05	0.001216625659	0.01187097954	-0.01256607139	0.6805099899	0.001400147472	0.009120172895	0.1780833541	34.96913577	1552560.985	101622295.1	nan	nan	nan	nan	nan	nan	|	bBLG_WSe2_push0000	102120	bBLG_WSe2_push0011	103453	arc_length	200	0.02919828691	0.1252570547	20.06762305	6148499.881	328353512.5	18.88808174	-0.04328636853	0.04328636853	0	46.98410332	0.9503731399
28	bBLG_WSe2_push0011	103453	3.051477551e-05	-0.01709363153	0.707170914	2.574122474e-05	0.001216625659	0.01187097954	-0.01256607139	0.6805099899	0.001400147472	0.009120172895	0.1780833541	34.96913577	1552560.985	101622295.1	nan	nan	nan	nan	nan	nan	|	bBLG_WSe2_push0000	102120	bBLG_WSe2_push0011	103453	arc_length	200	0.02919828691	0.1252570547	20.06762305	6148499.881	328353512.5	19.12418276	-0.01674769383	0.01674769383	0	nan	nan
28	bBLG_WSe2_push0011	103453	3.051477551e-05	-0.01709363153	0.707170914	2.574122474e-05	0.001216625659	0.01187097954	-0.01256607139	0.6805099899	0.001400147472	0.009120172895	0.1780833541	34.96913577	1552560.985	101622295.1	nan	nan	nan	nan	nan	nan	|	bBLG_WSe2_push0000	102120	bBLG_WSe2_push0011	103453	arc_length	200	0.02919828691	0.1252570547	20.06762305	6148499.881	328353512.5	19.36028378	-0.007204309226	0.007204309226	0	nan	nan
28	bBLG_WSe2_push0011	103453	3.051477551e-05	-0.01709363153	0.707170914	2.574122474e-05	0.001216625659	0.01187097954	-0.01256607139	0.6805099899	0.001400147472	0.009120172895	0.1780833541	34.96913577	1552560.985	101622295.1	nan	nan	nan	nan	nan	nan	|	bBLG_WSe2_push0000	102120	bBLG_WSe2_push0011	103453	arc_length	200	0.02919828691	0.1252570547	20.06762305	6148499.881	328353512.5	19.5963848	0.00233907538	0.00233907538	0	nan	nan
28	bBLG_WSe2_push0011	103453	3.051477551e-05	-0.01709363153	0.707170914	2.574122474e-05	0.001216625659	0.01187097954	-0.01256607139	0.6805099899	0.001400147472	0.009120172895	0.1780833541	34.96913577	1552560.985	101622295.1	nan	nan	nan	nan	nan	nan	|	bBLG_WSe2_push0000	102120	bBLG_WSe2_push0011	103453	arc_length	200	0.02919828691	0.1252570547	20.06762305	6148499.881	328353512.5	19.83248582	0.009199493593	0.009199493593	0	nan	nan
28	bBLG_WSe2_push0011	103453	3.051477551e-05	-0.01709363153	0.707170914	2.574122474e-05	0.001216625659	0.01187097954	-0.01256607139	0.6805099899	0.001400147472	0.009120172895	0.1780833541	34.96913577	1552560.985	101622295.1	nan	nan	nan	nan	nan	nan	|	bBLG_WSe2_push0000	102120	bBLG_WSe2_push0011	103453	arc_length	200	0.02919828691	0.1252570547	20.06762305	6148499.881	328353512.5	20.06858685	-0.004778258569	0.004778258569	0	nan	nan
28	bBLG_WSe2_push0011	103453	3.051477551e-05	-0.01709363153	0.707170914	2.574122474e-05	0.001216625659	0.01187097954	-0.01256607139	0.6805099899	0.001400147472	0.009120172895	0.1780833541	34.96913577	1552560.985	101622295.1	nan	nan	nan	nan	nan	nan	|	bBLG_WSe2_push0000	102120	bBLG_WSe2_push0011	103453	arc_length	200	0.02919828691	0.1252570547	20.06762305	6148499.881	328353512.5	20.30468787	-0.01875601073	0.01875601073	0	nan	nan
28	bBLG_WSe2_push0011	103453	3.051477551e-05	-0.01709363153	0.707170914	2.574122474e-05	0.001216625659	0.01187097954	-0.01256607139	0.6805099899	0.001400147472	0.009120172895	0.1780833541	34.96913577	1552560.985	101622295.1	nan	nan	nan	nan	nan	nan	|	bBLG_WSe2_push0000	102120	bBLG_WSe2_push0011	103453	arc_length	200	0.02919828691	0.1252570547	20.06762305	6148499.881	328353512.5	20.54078889	-0.01173994956	0.01173994956	0	nan	nan
28	bBLG_WSe2_push0011	103453	3.051477551e-05	-0.01709363153	0.707170914	2.574122474e-05	0.001216625659	0.01187097954	-0.01256607139	0.6805099899	0.001400147472	0.009120172895	0.1780833541	34.96913577	1552560.985	101622295.1	nan	nan	nan	nan	nan	nan	|	bBLG_WSe2_push0000	102120	bBLG_WSe2_push0011	103453	arc_length	200	0.02919828691	0.1252570547	20.06762305	6148499.881	328353512.5	20.77688991	-0.002196564951	0.002196564951	0	nan	nan
28	bBLG_WSe2_push0011	103453	3.051477551e-05	-0.01709363153	0.707170914	2.574122474e-05	0.001216625659	0.01187097954	-0.01256607139	0.6805099899	0.001400147472	0.009120172895	0.1780833541	34.96913577	1552560.985	101622295.1	nan	nan	nan	nan	nan	nan	|	bBLG_WSe2_push0000	102120	bBLG_WSe2_push0011	103453	arc_length	200	0.02919828691	0.1252570547	20.06762305	6148499.881	328353512.5	21.01299093	0.007346819656	0.007346819656	0	nan	nan
28	bBLG_WSe2_push0011	103453	3.051477551e-05	-0.01709363153	0.707170914	2.574122474e-05	0.001216625659	0.01187097954	-0.01256607139	0.6805099899	0.001400147472	0.009120172895	0.1780833541	34.96913577	1552560.985	101622295.1	nan	nan	nan	nan	nan	nan	|	bBLG_WSe2_push0000	102120	bBLG_WSe2_push0011	103453	arc_length	200	0.02919828691	0.1252570547	20.06762305	6148499.881	328353512.5	21.24909195	0.01689020426	0.01689020426	0	nan	nan
28	bBLG_WSe2_push0011	103453	3.051477551e-05	-0.01709363153	0.707170914	2.574122474e-05	0.001216625659	0.01187097954	-0.01256607139	0.6805099899	0.001400147472	0.009120172895	0.1780833541	34.96913577	1552560.985	101622295.1	nan	nan	nan	nan	nan	nan	|	bBLG_WSe2_push0000	102120	bBLG_WSe2_push0011	103453	arc_length	200	0.02919828691	0.1252570547	20.06762305	6148499.881	328353512.5	21.48519298	0.02634144566	0.02634144566	0	nan	nan
28	bBLG_WSe2_push0011	103453	3.051477551e-05	-0.01709363153	0.707170914	2.574122474e-05	0.001216625659	0.01187097954	-0.01256607139	0.6805099899	0.001400147472	0.009120172895	0.1780833541	34.96913577	1552560.985	101622295.1	nan	nan	nan	nan	nan	nan	|	bBLG_WSe2_push0000	102120	bBLG_WSe2_push0011	103453	arc_length	200	0.02919828691	0.1252570547	20.06762305	6148499.881	328353512.5	21.721294	0.01763321535	0.01763321535	0	nan	nan
28	bBLG_WSe2_push0011	103453	3.051477551e-05	-0.01709363153	0.707170914	2.574122474e-05	0.001216625659	0.01187097954	-0.01256607139	0.6805099899	0.001400147472	0.009120172895	0.1780833541	34.96913577	1552560.985	101622295.1	nan	nan	nan	nan	nan	nan	|	bBLG_WSe2_push0000	102120	bBLG_WSe2_push0011	103453	arc_length	200	0.02919828691	0.1252570547	20.06762305	6148499.881	328353512.5	21.95739502	-0.004391430819	0.004391430819	0	nan	nan
28	bBLG_WSe2_push0011	103453	3.051477551e-05	-0.01709363153	0.707170914	2.574122474e-05	0.001216625659	0.01187097954	-0.01256607139	0.6805099899	0.001400147472	0.009120172895	0.1780833541	34.96913577	1552560.985	101622295.1	nan	nan	nan	nan	nan	nan	|	bBLG_WSe2_push0000	102120	bBLG_WSe2_push0011	103453	arc_length	200	0.02919828691	0.1252570547	20.06762305	6148499.881	328353512.5	22.19349604	-0.02319176496	0.02319176496	0	nan	nan
28	bBLG_WSe2_push0011	103453	3.051477551e-05	-0.01709363153	0.707170914	2.574122474e-05	0.001216625659	0.01187097954	-0.01256607139	0.6805099899	0.001400147472	0.009120172895	0.1780833541	34.96913577	1552560.985	101622295.1	nan	nan	nan	nan	nan	nan	|	bBLG_WSe2_push0000	102120	bBLG_WSe2_push0011	103453	arc_length	200	0.02919828691	0.1252570547	20.06762305	6148499.881	328353512.5	22.42959706	-0.03038608231	0.03038608231	0	nan	nan
28	bBLG_WSe2_push0011	103453	3.051477551e-05	-0.01709363153	0.707170914	2.574122474e-05	0.001216625659	0.01187097954	-0.01256607139	0.6805099899	0.001400147472	0.009120172895	0.1780833541	34.96913577	1552560.985	101622295.1	nan	nan	nan	nan	nan	nan	|	bBLG_WSe2_push0000	102120	bBLG_WSe2_push0011	103453	arc_length	200	0.02919828691	0.1252570547	20.06762305	6148499.881	328353512.5	22.66569809	-0.03128608132	0.03128608132	0	nan	nan
28	bBLG_WSe2_push0011	103453	3.051477551e-05	-0.01709363153	0.707170914	2.574122474e-05	0.001216625659	0.01187097954	-0.01256607139	0.6805099899	0.001400147472	0.009120172895	0.1780833541	34.96913577	1552560.985	101622295.1	nan	nan	nan	nan	nan	nan	|	bBLG_WSe2_push0000	102120	bBLG_WSe2_push0011	103453	arc_length	200	0.02919828691	0.1252570547	20.06762305	6148499.881	328353512.5	22.90179911	-0.02174269672	0.02174269672	0	nan	nan
28	bBLG_WSe2_push0011	103453	3.051477551e-05	-0.01709363153	0.707170914	2.574122474e-05	0.001216625659	0.01187097954	-0.01256607139	0.6805099899	0.001400147472	0.009120172895	0.1780833541	34.96913577	1552560.985	101622295.1	nan	nan	nan	nan	nan	nan	|	bBLG_WSe2_push0000	102120	bBLG_WSe2_push0011	103453	arc_length	200	0.02919828691	0.1252570547	20.06762305	6148499.881	328353512.5	23.13790013	-0.01219931211	0.01219931211	0	nan	nan
28	bBLG_WSe2_push0011	103453	3.051477551e-05	-0.01709363153	0.707170914	2.574122474e-05	0.001216625659	0.01187097954	-0.01256607139	0.6805099899	0.001400147472	0.009120172895	0.1780833541	34.96913577	1552560.985	101622295.1	nan	nan	nan	nan	nan	nan	|	bBLG_WSe2_push0000	102120	bBLG_WSe2_push0011	103453	arc_length	200	0.02919828691	0.1252570547	20.06762305	6148499.881	328353512.5	23.37400115	-0.002655927503	0.002655927503	0	nan	nan
28	bBLG_WSe2_push0011	103453	3.051477551e-05	-0.01709363153	0.707170914	2.574122474e-05	0.001216625659	0.01187097954	-0.01256607139	0.6805099899	0.001400147472	0.009120172895	0.1780833541	34.96913577	1552560.985	101622295.1	nan	nan	nan	nan	nan	nan	|	bBLG_WSe2_push0000	102120	bBLG_WSe2_push0011	103453	arc_length	200	0.02919828691	0.1252570547	20.06762305	6148499.881	328353512.5	23.61010217	0.006887457103	0.006887457103	0	nan	nan
28	bBLG_WSe2_push0011	103453	3.051477551e-05	-0.01709363153	0.707170914	2.574122474e-05	0.001216625659	0.01187097954	-0.01256607139	0.6805099899	0.001400147472	0.009120172895	0.1780833541	34.96913577	1552560.985	101622295.1	nan	nan	nan	nan	nan	nan	|	bBLG_WSe2_push0000	102120	bBLG_WSe2_push0011	103453	arc_length	200	0.02919828691	0.1252570547	20.06762305	6148499.881	328353512.5	23.84620319	0.01497130813	0.01497130813	0	nan	nan
28	bBLG_WSe2_push0011	103453	3.051477551e-05	-0.01709363153	0.707170914	2.574122474e-05	0.001216625659	0.01187097954	-0.01256607139	0.6805099899	0.001400147472	0.009120172895	0.1780833541	34.96913577	1552560.985	101622295.1	nan	nan	nan	nan	nan	nan	|	bBLG_WSe2_push0000	102120	bBLG_WSe2_push0011	103453	arc_length	200	0.02919828691	0.1252570547	20.06762305	6148499.881	328353512.5	24.08230422	0.004835734156	0.004835734156	0	nan	nan
28	bBLG_WSe2_push0011	103453	3.051477551e-05	-0.01709363153	0.707170914	2.574122474e-05	0.001216625659	0.01187097954	-0.01256607139	0.6805099899	0.001400147472	0.009120172895	0.1780833541	34.96913577	1552560.985	101622295.1	nan	nan	nan	nan	nan	nan	|	bBLG_WSe2_push0000	102120	bBLG_WSe2_push0011	103453	arc_length	200	0.02919828691	0.1252570547	20.06762305	6148499.881	328353512.5	24.31840524	-0.01489905781	0.01489905781	0	nan	nan
28	bBLG_WSe2_push0011	103453	3.051477551e-05	-0.01709363153	0.707170914	2.574122474e-05	0.001216625659	0.01187097954	-0.01256607139	0.6805099899	0.001400147472	0.009120172895	0.1780833541	34.96913577	1552560.985	101622295.1	nan	nan	nan	nan	nan	nan	|	bBLG_WSe2_push0000	102120	bBLG_WSe2_push0011	103453	arc_length	200	0.02919828691	0.1252570547	20.06762305	6148499.881	328353512.5	24.55450626	-0.02840712538	0.02840712538	0	nan	nan
28	bBLG_WSe2_push0011	103453	3.051477551e-05	-0.01709363153	0.707170914	2.574122474e-05	0.001216625659	0.01187097954	-0.01256607139	0.6805099899	0.001400147472	0.009120172895	0.1780833541	34.96913577	1552560.985	101622295.1	nan	nan	nan	nan	nan	nan	|	bBLG_WSe2_push0000	102120	bBLG_WSe2_push0011	103453	arc_length	200	0.02919828691	0.1252570547	20.06762305	6148499.881	328353512.5	24.79060728	-0.01886297457	0.01886297457	0	nan	nan
28	bBLG_WSe2_push0011	103453	3.051477551e-05	-0.01709363153	0.707170914	2.574122474e-05	0.001216625659	0.01187097954	-0.01256607139	0.6805099899	0.001400147472	0.009120172895	0.1780833541	34.96913577	1552560.985	101622295.1	nan	nan	nan	nan	nan	nan	|	bBLG_WSe2_push0000	102120	bBLG_WSe2_push0011	103453	arc_length	200	0.02919828691	0.1252570547	20.06762305	6148499.881	328353512.5	25.0267083	-0.008156233011	0.008156233011	0	nan	nan
28	bBLG_WSe2_push0011	103453	3.051477551e-05	-0.01709363153	0.707170914	2.574122474e-05	0.001216625659	0.01187097954	-0.01256607139	0.6805099899	0.001400147472	0.009120172895	0.1780833541	34.96913577	1552560.985	101622295.1	nan	nan	nan	nan	nan	nan	|	bBLG_WSe2_push0000	102120	bBLG_WSe2_push0011	103453	arc_length	200	0.02919828691	0.1252570547	20.06762305	6148499.881	328353512.5	25.26280932	-0.01184391057	0.01184391057	0	nan	nan
28	bBLG_WSe2_push0011	103453	3.051477551e-05	-0.01709363153	0.707170914	2.574122474e-05	0.001216625659	0.01187097954	-0.01256607139	0.6805099899	0.001400147472	0.009120172895	0.1780833541	34.96913577	1552560.985	101622295.1	nan	nan	nan	nan	nan	nan	|	bBLG_WSe2_push0000	102120	bBLG_WSe2_push0011	103453	arc_length	200	0.02919828691	0.1252570547	20.06762305	6148499.881	328353512.5	25.49891035	-0.02039510011	0.02039510011	0	nan	nan
28	bBLG_WSe2_push0011	103453	3.051477551e-05	-0.01709363153	0.707170914	2.574122474e-05	0.001216625659	0.01187097954	-0.01256607139	0.6805099899	0.001400147472	0.009120172895	0.1780833541	34.96913577	1552560.985	101622295.1	nan	nan	nan	nan	nan	nan	|	bBLG_WSe2_push0000	102120	bBLG_WSe2_push0011	103453	arc_length	200	0.02919828691	0.1252570547	20.06762305	6148499.881	328353512.5	25.73501137	-0.0006856821715	0.0006856821715	0	nan	nan
28	bBLG_WSe2_push0011	103453	3.051477551e-05	-0.01709363153	0.707170914	2.574122474e-05	0.001216625659	0.01187097954	-0.01256607139	0.6805099899	0.001400147472	0.009120172895	0.1780833541	34.96913577	1552560.985	101622295.1	nan	nan	nan	nan	nan	nan	|	bBLG_WSe2_push0000	102120	bBLG_WSe2_push0011	103453	arc_length	200	0.02919828691	0.1252570547	20.06762305	6148499.881	328353512.5	25.97111239	0.00560414877	0.00560414877	0	nan	nan
28	bBLG_WSe2_push0011	103453	3.051477551e-05	-0.01709363153	0.707170914	2.574122474e-05	0.001216625659	0.01187097954	-0.01256607139	0.6805099899	0.001400147472	0.009120172895	0.1780833541	34.96913577	1552560.985	101622295.1	nan	nan	nan	nan	nan	nan	|	bBLG_WSe2_push0000	102120	bBLG_WSe2_push0011	103453	arc_length	200	0.02919828691	0.1252570547	20.06762305	6148499.881	328353512.5	26.20721341	0.01180438189	0.01180438189	0	nan	nan
28	bBLG_WSe2_push0011	103453	3.051477551e-05	-0.01709363153	0.707170914	2.574122474e-05	0.001216625659	0.01187097954	-0.01256607139	0.6805099899	0.001400147472	0.009120172895	0.1780833541	34.96913577	1552560.985	101622295.1	nan	nan	nan	nan	nan	nan	|	bBLG_WSe2_push0000	102120	bBLG_WSe2_push0011	103453	arc_length	200	0.02919828691	0.1252570547	20.06762305	6148499.881	328353512.5	26.44331443	0.01578619345	0.01578619345	0	nan	nan
28	bBLG_WSe2_push0011	103453	3.051477551e-05	-0.01709363153	0.707170914	2.574122474e-05	0.001216625659	0.01187097954	-0.01256607139	0.6805099899	0.001400147472	0.009120172895	0.1780833541	34.96913577	1552560.985	101622295.1	nan	nan	nan	nan	nan	nan	|	bBLG_WSe2_push0000	102120	bBLG_WSe2_push0011	103453	arc_length	200	0.02919828691	0.1252570547	20.06762305	6148499.881	328353512.5	26.67941545	0.02531992484	0.02531992484	0	nan	nan
28	bBLG_WSe2_push0011	103453	3.051477551e-05	-0.01709363153	0.707170914	2.574122474e-05	0.001216625659	0.01187097954	-0.01256607139	0.6805099899	0.001400147472	0.009120172895	0.1780833541	34.96913577	1552560.985	101622295.1	nan	nan	nan	nan	nan	nan	|	bBLG_WSe2_push0000	102120	bBLG_WSe2_push0011	103453	arc_length	200	0.02919828691	0.1252570547	20.06762305	6148499.881	328353512.5	26.91551648	0.03486330945	0.03486330945	0	nan	nan
28	bBLG_WSe2_push0011	103453	3.051477551e-05	-0.01709363153	0.707170914	2.574122474e-05	0.001216625659	0.01187097954	-0.01256607139	0.6805099899	0.001400147472	0.009120172895	0.1780833541	34.96913577	1552560.985	101622295.1	nan	nan	nan	nan	nan	nan	|	bBLG_WSe2_push0000	102120	bBLG_WSe2_push0011	103453	arc_length	200	0.02919828691	0.1252570547	20.06762305	6148499.881	328353512.5	27.1516175	0.04440669405	0.04440669405	0	nan	nan
28	bBLG_WSe2_push0011	103453	3.051477551e-05	-0.01709363153	0.707170914	2.574122474e-05	0.001216625659	0.01187097954	-0.01256607139	0.6805099899	0.001400147472	0.009120172895	0.1780833541	34.96913577	1552560.985	101622295.1	nan	nan	nan	nan	nan	nan	|	bBLG_WSe2_push0000	102120	bBLG_WSe2_push0011	103453	arc_length	200	0.02919828691	0.1252570547	20.06762305	6148499.881	328353512.5	27.38771852	0.05395007866	0.05395007866	0	nan	nan
28	bBLG_WSe2_push0011	103453	3.051477551e-05	-0.01709363153	0.707170914	2.574122474e-05	0.001216625659	0.01187097954	-0.01256607139	0.6805099899	0.001400147472	0.009120172895	0.1780833541	34.96913577	1552560.985	101622295.1	nan	nan	nan	nan	nan	nan	|	bBLG_WSe2_push0000	102120	bBLG_WSe2_push0011	103453	arc_length	200	0.02919828691	0.1252570547	20.06762305	6148499.881	328353512.5	27.62381954	0.06349346327	0.06349346327	0	nan	nan
28	bBLG_WSe2_push0011	103453	3.051477551e-05	-0.01709363153	0.707170914	2.574122474e-05	0.001216625659	0.01187097954	-0.01256607139	0.6805099899	0.001400147472	0.009120172895	0.1780833541	34.96913577	1552560.985	101622295.1	nan	nan	nan	nan	nan	nan	|	bBLG_WSe2_push0000	102120	bBLG_WSe2_push0011	103453	arc_length	200	0.02919828691	0.1252570547	20.06762305	6148499.881	328353512.5	27.85992056	0.07303684788	0.07303684788	0	nan	nan
28	bBLG_WSe2_push0011	103453	3.051477551e-05	-0.01709363153	0.707170914	2.574122474e-05	0.001216625659	0.01187097954	-0.01256607139	0.6805099899	0.001400147472	0.009120172895	0.1780833541	34.96913577	1552560.985	101622295.1	nan	nan	nan	nan	nan	nan	|	bBLG_WSe2_push0000	102120	bBLG_WSe2_push0011	103453	arc_length	200	0.02919828691	0.1252570547	20.06762305	6148499.881	328353512.5	28.09602158	0.08256853569	0.08256853569	0	nan	nan
28	bBLG_WSe2_push0011	103453	3.051477551e-05	-0.01709363153	0.707170914	2.574122474e-05	0.001216625659	0.01187097954	-0.01256607139	0.6805099899	0.001400147472	0.009120172895	0.1780833541	34.96913577	1552560.985	101622295.1	nan	nan	nan	nan	nan	nan	|	bBLG_WSe2_push0000	102120	bBLG_WSe2_push0011	103453	arc_length	200	0.02919828691	0.1252570547	20.06762305	6148499.881	328353512.5	28.33212261	0.08848677161	0.08848677161	2.039895834e-07	nan	nan
28	bBLG_WSe2_push0011	103453	3.051477551e-05	-0.01709363153	0.707170914	2.574122474e-05	0.001216625659	0.01187097954	-0.01256607139	0.6805099899	0.001400147472	0.009120172895	0.1780833541	34.96913577	1552560.985	101622295.1	nan	nan	nan	nan	nan	nan	|	bBLG_WSe2_push0000	102120	bBLG_WSe2_push0011	103453	arc_length	200	0.02919828691	0.1252570547	20.06762305	6148499.881	328353512.5	28.56822363	0.07803477376	0.07803477376	1.631916667e-06	nan	nan
28	bBLG_WSe2_push0011	103453	3.051477551e-05	-0.01709363153	0.707170914	2.574122474e-05	0.001216625659	0.01187097954	-0.01256607139	0.6805099899	0.001400147472	0.009120172895	0.1780833541	34.96913577	1552560.985	101622295.1	nan	nan	nan	nan	nan	nan	|	bBLG_WSe2_push0000	102120	bBLG_WSe2_push0011	103453	arc_length	200	0.02919828691	0.1252570547	20.06762305	6148499.881	328353512.5	28.80432465	0.06852861106	0.06852861106	5.507718752e-06	nan	nan
28	bBLG_WSe2_push0011	103453	3.051477551e-05	-0.01709363153	0.707170914	2.574122474e-05	0.001216625659	0.01187097954	-0.01256607139	0.6805099899	0.001400147472	0.009120172895	0.1780833541	34.96913577	1552560.985	101622295.1	nan	nan	nan	nan	nan	nan	|	bBLG_WSe2_push0000	102120	bBLG_WSe2_push0011	103453	arc_length	200	0.02919828691	0.1252570547	20.06762305	6148499.881	328353512.5	29.04042567	0.06483673	0.06483673	1.305533334e-05	nan	nan
28	bBLG_WSe2_push0011	103453	3.051477551e-05	-0.01709363153	0.707170914	2.574122474e-05	0.001216625659	0.01187097954	-0.01256607139	0.6805099899	0.001400147472	0.009120172895	0.1780833541	34.96913577	1552560.985	101622295.1	nan	nan	nan	nan	nan	nan	|	bBLG_WSe2_push0000	102120	bBLG_WSe2_push0011	103453	arc_length	200	0.02919828691	0.1252570547	20.06762305	6148499.881	328353512.5	29.27652669	0.05762988192	0.05762988192	2.549869793e-05	nan	nan
28	bBLG_WSe2_push0011	103453	3.051477551e-05	-0.01709363153	0.707170914	2.574122474e-05	0.001216625659	0.01187097954	-0.01256607139	0.6805099899	0.001400147472	0.009120172895	0.1780833541	34.96913577	1552560.985	101622295.1	nan	nan	nan	nan	nan	nan	|	bBLG_WSe2_push0000	102120	bBLG_WSe2_push0011	103453	arc_length	200	0.02919828691	0.1252570547	20.06762305	6148499.881	328353512.5	29.51262771	0.04754920271	0.04754920271	4.406175002e-05	nan	nan
28	bBLG_WSe2_push0011	103453	3.051477551e-05	-0.01709363153	0.707170914	2.574122474e-05	0.001216625659	0.01187097954	-0.01256607139	0.6805099899	0.001400147472	0.009120172895	0.1780833541	34.96913577	1552560.985	101622295.1	nan	nan	nan	nan	nan	nan	|	bBLG_WSe2_push0000	102120	bBLG_WSe2_push0011	103453	arc_length	200	0.02919828691	0.1252570547	20.06762305	6148499.881	328353512.5	29.74872874	0.04238158275	0.04238158275	6.996842711e-05	nan	nan
28	bBLG_WSe2_push0011	103453	3.051477551e-05	-0.01709363153	0.707170914	2.574122474e-05	0.001216625659	0.01187097954	-0.01256607139	0.6805099899	0.001400147472	0.009120172895	0.1780833541	34.96913577	1552560.985	101622295.1	nan	nan	nan	nan	nan	nan	|	bBLG_WSe2_push0000	102120	bBLG_WSe2_push0011	103453	arc_length	200	0.02919828691	0.1252570547	20.06762305	6148499.881	328353512.5	29.98482976	0.01575844162	0.01575844162	0.0001044426667	nan	nan
28	bBLG_WSe2_push0011	103453	3.051477551e-05	-0.01709363153	0.707170914	2.574122474e-05	0.001216625659	0.01187097954	-0.01256607139	0.6805099899	0.001400147472	0.009120172895	0.1780833541	34.96913577	1552560.985	101622295.1	nan	nan	nan	nan	nan	nan	|	bBLG_WSe2_push0000	102120	bBLG_WSe2_push0011	103453	arc_length	200	0.02919828691	0.1252570547	20.06762305	6148499.881	328353512.5	30.22093078	-0.01068332134	0.01068332134	0.0001487084063	nan	nan
28	bBLG_WSe2_push0011	103453	3.051477551e-05	-0.01709363153	0.707170914	2.574122474e-05	0.001216625659	0.01187097954	-0.01256607139	0.6805099899	0.001400147472	0.009120172895	0.1780833541	34.96913577	1552560.985	101622295.1	nan	nan	nan	nan	nan	nan	|	bBLG_WSe2_push0000	102120	bBLG_WSe2_push0011	103453	arc_length	200	0.02919828691	0.1252570547	20.06762305	6148499.881	328353512.5	30.4570318	-0.0364743523	0.0364743523	0.0002039895834	nan	nan
28	bBLG_WSe2_push0011	103453	3.051477551e-05	-0.01709363153	0.707170914	2.574122474e-05	0.001216625659	0.01187097954	-0.01256607139	0.6805099899	0.001400147472	0.009120172895	0.1780833541	34.96913577	1552560.985	101622295.1	nan	nan	nan	nan	nan	nan	|	bBLG_WSe2_push0000	102120	bBLG_WSe2_push0011	103453	arc_length	200	0.02919828691	0.1252570547	20.06762305	6148499.881	328353512.5	30.69313282	-0.0447547087	0.0447547087	0.0002715101355	nan	nan
28	bBLG_WSe2_push0011	103453	3.051477551e-05	-0.01709363153	0.707170914	2.574122474e-05	0.001216625659	0.01187097954	-0.01256607139	0.6805099899	0.001400147472	0.009120172895	0.1780833541	34.96913577	1552560.985	101622295.1	nan	nan	nan	nan	nan	nan	|	bBLG_WSe2_push0000	102120	bBLG_WSe2_push0011	103453	arc_length	200	0.02919828691	0.1252570547	20.06762305	6148499.881	328353512.5	30.92923385	-0.05327998566	0.05327998566	0.0003524940001	nan	nan
28	bBLG_WSe2_push0011	103453	3.051477551e-05	-0.01709363153	0.707170914	2.574122474e-05	0.001216625659	0.01187097954	-0.01256607139	0.6805099899	0.001400147472	0.009120172895	0.1780833541	34.96913577	1552560.985	101622295.1	nan	nan	nan	nan	nan	nan	|	bBLG_WSe2_push0000	102120	bBLG_WSe2_push0011	103453	arc_length	200	0.02919828691	0.1252570547	20.06762305	6148499.881	328353512.5	31.16533487	-0.07046218197	0.07046218197	0.0004481651147	nan	nan
28	bBLG_WSe2_push0011	103453	3.051477551e-05	-0.01709363153	0.707170914	2.574122474e-05	0.001216625659	0.01187097954	-0.01256607139	0.6805099899	0.001400147472	0.009120172895	0.1780833541	34.96913577	1552560.985	101622295.1	nan	nan	nan	nan	nan	nan	|	bBLG_WSe2_push0000	102120	bBLG_WSe2_push0011	103453	arc_length	200	0.02919828691	0.1252570547	20.06762305	6148499.881	328353512.5	31.40143589	-0.06656422297	0.06656422297	0.0005597474169	nan	nan
28	bBLG_WSe2_push0011	103453	3.051477551e-05	-0.01709363153	0.707170914	2.574122474e-05	0.001216625659	0.01187097954	-0.01256607139	0.6805099899	0.001400147472	0.009120172895	0.1780833541	34.96913577	1552560.985	101622295.1	nan	nan	nan	nan	nan	nan	|	bBLG_WSe2_push0000	102120	bBLG_WSe2_push0011	103453	arc_length	200	0.02919828691	0.1252570547	20.06762305	6148499.881	328353512.5	31.63753691	-0.06253409455	0.06253409455	0.000688464844	nan	nan
28	bBLG_WSe2_push0011	103453	3.051477551e-05	-0.01709363153	0.707170914	2.574122474e-05	0.001216625659	0.01187097954	-0.01256607139	0.6805099899	0.001400147472	0.009120172895	0.1780833541	34.96913577	1552560.985	101622295.1	nan	nan	nan	nan	nan	nan	|	bBLG_WSe2_push0000	102120	bBLG_WSe2_push0011	103453	arc_length	200	0.02919828691	0.1252570547	20.06762305	6148499.881	328353512.5	31.87363793	-0.05682106818	0.05682106818	0.0008355413336	nan	nan
28	bBLG_WSe2_push0011	103453	3.051477551e-05	-0.01709363153	0.707170914	2.574122474e-05	0.001216625659	0.01187097954	-0.01256607139	0.6805099899	0.001400147472	0.009120172895	0.1780833541	34.96913577	1552560.985	101622295.1	nan	nan	nan	nan	nan	nan	|	bBLG_WSe2_push0000	102120	bBLG_WSe2_push0011	103453	arc_length	200	0.02919828691	0.1252570547	20.06762305	6148499.881	328353512.5	32.10973895	-0.08185991787	0.08185991787	0.001002200823	nan	nan
28	bBLG_WSe2_push0011	103453	3.051477551e-05	-0.01709363153	0.707170914	2.574122474e-05	0.001216625659	0.01187097954	-0.01256607139	0.6805099899	0.001400147472	0.009120172895	0.1780833541	34.96913577	1552560.985	101622295.1	nan	nan	nan	nan	nan	nan	|	bBLG_WSe2_push0000	102120	bBLG_WSe2_push0011	103453	arc_length	200	0.02919828691	0.1252570547	20.06762305	6148499.881	328353512.5	32.34583998	-0.09622700067	0.09622700067	0.00118966725	nan	nan
28	bBLG_WSe2_push0011	103453	3.051477551e-05	-0.01709363153	0.707170914	2.574122474e-05	0.001216625659	0.01187097954	-0.01256607139	0.6805099899	0.001400147472	0.009120172895	0.1780833541	34.96913577	1552560.985	101622295.1	nan	nan	nan	nan	nan	nan	|	bBLG_WSe2_push0000	102120	bBLG_WSe2_push0011	103453	arc_length	200	0.02919828691	0.1252570547	20.06762305	6148499.881	328353512.5	32.581941	-0.1027566284	0.1027566284	0.001399164553	nan	nan
28	bBLG_WSe2_push0011	103453	3.051477551e-05	-0.01709363153	0.707170914	2.574122474e-05	0.001216625659	0.01187097954	-0.01256607139	0.6805099899	0.001400147472	0.009120172895	0.1780833541	34.96913577	1552560.985	101622295.1	nan	nan	nan	nan	nan	nan	|	bBLG_WSe2_push0000	102120	bBLG_WSe2_push0011	103453	arc_length	200	0.02919828691	0.1252570547	20.06762305	6148499.881	328353512.5	32.81804202	-0.07582972102	0.07582972102	0.001631916667	nan	nan
28	bBLG_WSe2_push0011	103453	3.051477551e-05	-0.01709363153	0.707170914	2.574122474e-05	0.001216625659	0.01187097954	-0.01256607139	0.6805099899	0.001400147472	0.009120172895	0.1780833541	34.96913577	1552560.985	101622295.1	nan	nan	nan	nan	nan	nan	|	bBLG_WSe2_push0000	102120	bBLG_WSe2_push0011	103453	arc_length	200	0.02919828691	0.1252570547	20.06762305	6148499.881	328353512.5	33.05414304	-0.05773664121	0.05773664121	0.001889147532	nan	nan
28	bBLG_WSe2_push0011	103453	3.051477551e-05	-0.01709363153	0.707170914	2.574122474e-05	0.001216625659	0.01187097954	-0.01256607139	0.6805099899	0.001400147472	0.009120172895	0.1780833541	34.96913577	1552560.985	101622295.1	nan	nan	nan	nan	nan	nan	|	bBLG_WSe2_push0000	102120	bBLG_WSe2_push0011	103453	arc_length	200	0.02919828691	0.1252570547	20.06762305	6148499.881	328353512.5	33.29024406	-0.04380696044	0.04380696044	0.002172081084	nan	nan
28	bBLG_WSe2_push0011	103453	3.051477551e-05	-0.01709363153	0.707170914	2.574122474e-05	0.001216625659	0.01187097954	-0.01256607139	0.6805099899	0.001400147472	0.009120172895	0.1780833541	34.96913577	1552560.985	101622295.1	nan	nan	nan	nan	nan	nan	|	bBLG_WSe2_push0000	102120	bBLG_WSe2_push0011	103453	arc_length	200	0.02919828691	0.1252570547	20.06762305	6148499.881	328353512.5	33.52634508	-0.02957414768	0.02957414768	0.002481941261	nan	nan
28	bBLG_WSe2_push0011	103453	3.051477551e-05	-0.01709363153	0.707170914	2.574122474e-05	0.001216625659	0.01187097954	-0.01256607139	0.6805099899	0.001400147472	0.009120172895	0.1780833541	34.96913577	1552560.985	101622295.1	nan	nan	nan	nan	nan	nan	|	bBLG_WSe2_push0000	102120	bBLG_WSe2_push0011	103453	arc_length	200	0.02919828691	0.1252570547	20.06762305	6148499.881	328353512.5	33.76244611	-0.01013882476	0.01013882476	0.002819952001	nan	nan
28	bBLG_WSe2_push0011	103453	3.051477551e-05	-0.01709363153	0.707170914	2.574122474e-05	0.001216625659	0.01187097954	-0.01256607139	0.6805099899	0.001400147472	0.009120172895	0.1780833541	34.96913577	1552560.985	101622295.1	nan	nan	nan	nan	nan	nan	|	bBLG_WSe2_push0000	102120	bBLG_WSe2_push0011	103453	arc_length	200	0.02919828691	0.1252570547	20.06762305	6148499.881	328353512.5	33.99854713	-0.02333327534	0.02333327534	0.003187337241	nan	nan
28	bBLG_WSe2_push0011	103453	3.051477551e-05	-0.01709363153	0.707170914	2.574122474e-05	0.001216625659	0.01187097954	-0.01256607139	0.6805099899	0.001400147472	0.009120172895	0.1780833541	34.96913577	1552560.985	101622295.1	nan	nan	nan	nan	nan	nan	|	bBLG_WSe2_push0000	102120	bBLG_WSe2_push0011	103453	arc_length	200	0.02919828691	0.1252570547	20.06762305	6148499.881	328353512.5	34.23464815	-0.03389847734	0.03389847734	0.003585320918	nan	nan
28	bBLG_WSe2_push0011	103453	3.051477551e-05	-0.01709363153	0.707170914	2.574122474e-05	0.001216625659	0.01187097954	-0.01256607139	0.6805099899	0.001400147472	0.009120172895	0.1780833541	34.96913577	1552560.985	101622295.1	nan	nan	nan	nan	nan	nan	|	bBLG_WSe2_push0000	102120	bBLG_WSe2_push0011	103453	arc_length	200	0.02919828691	0.1252570547	20.06762305	6148499.881	328353512.5	34.47074917	-0.01222553427	0.01222553427	0.00401512697	nan	nan
28	bBLG_WSe2_push0011	103453	3.051477551e-05	-0.01709363153	0.707170914	2.574122474e-05	0.001216625659	0.01187097954	-0.01256607139	0.6805099899	0.001400147472	0.009120172895	0.1780833541	34.96913577	1552560.985	101622295.1	nan	nan	nan	nan	nan	nan	|	bBLG_WSe2_push0000	102120	bBLG_WSe2_push0011	103453	arc_length	200	0.02919828691	0.1252570547	20.06762305	6148499.881	328353512.5	34.70685019	0.01923673245	0.01923673245	0.004477979335	nan	nan
28	bBLG_WSe2_push0011	103453	3.051477551e-05	-0.01709363153	0.707170914	2.574122474e-05	0.001216625659	0.01187097954	-0.01256607139	0.6805099899	0.001400147472	0.009120172895	0.1780833541	34.96913577	1552560.985	101622295.1	nan	nan	nan	nan	nan	nan	|	bBLG_WSe2_push0000	102120	bBLG_WSe2_push0011	103453	arc_length	200	0.02919828691	0.1252570547	20.06762305	6148499.881	328353512.5	34.94295121	0.05144968867	0.05144968867	0.00497510195	nan	nan
28	bBLG_WSe2_push0011	103453	3.051477551e-05	-0.01709363153	0.707170914	2.574122474e-05	0.001216625659	0.01187097954	-0.01256607139	0.6805099899	0.001400147472	0.009120172895	0.1780833541	34.96913577	1552560.985	101622295.1	nan	nan	nan	nan	nan	nan	|	bBLG_WSe2_push0000	102120	bBLG_WSe2_push0011	103453	arc_length	200	0.02919828691	0.1252570547	20.06762305	6148499.881	328353512.5	35.17905224	0.08679943061	0.08679943061	0.005507718752	nan	nan
28	bBLG_WSe2_push0011	103453	3.051477551e-05	-0.01709363153	0.707170914	2.574122474e-05	0.001216625659	0.01187097954	-0.01256607139	0.6805099899	0.001400147472	0.009120172895	0.1780833541	34.96913577	1552560.985	101622295.1	nan	nan	nan	nan	nan	nan	|	bBLG_WSe2_push0000	102120	bBLG_WSe2_push0011	103453	arc_length	200	0.02919828691	0.1252570547	20.06762305	6148499.881	328353512.5	35.41515326	0.09354098561	0.09354098561	0.006077053679	nan	nan
28	bBLG_WSe2_push0011	103453	3.051477551e-05	-0.01709363153	0.707170914	2.574122474e-05	0.001216625659	0.01187097954	-0.01256607139	0.6805099899	0.001400147472	0.009120172895	0.1780833541	34.96913577	1552560.985	101622295.1	nan	nan	nan	nan	nan	nan	|	bBLG_WSe2_push0000	102120	bBLG_WSe2_push0011	103453	arc_length	200	0.02919828691	0.1252570547	20.06762305	6148499.881	328353512.5	35.65125428	0.05982945704	0.05982945704	0.006684330669	nan	nan
28	bBLG_WSe2_push0011	103453	3.051477551e-05	-0.01709363153	0.707170914	2.574122474e-05	0.001216625659	0.01187097954	-0.01256607139	0.6805099899	0.001400147472	0.009120172895	0.1780833541	34.96913577	1552560.985	101622295.1	nan	nan	nan	nan	nan	nan	|	bBLG_WSe2_push0000	102120	bBLG_WSe2_push0011	103453	arc_length	200	0.02919828691	0.1252570547	20.06762305	6148499.881	328353512.5	35.8873553	0.04362423775	0.04362423775	0.007330773659	nan	nan
28	bBLG_WSe2_push0011	103453	3.051477551e-05	-0.01709363153	0.707170914	2.574122474e-05	0.001216625659	0.01187097954	-0.01256607139	0.6805099899	0.001400147472	0.009120172895	0.1780833541	34.96913577	1552560.985	101622295.1	nan	nan	nan	nan	nan	nan	|	bBLG_WSe2_push0000	102120	bBLG_WSe2_push0011	103453	arc_length	200	0.02919828691	0.1252570547	20.06762305	6148499.881	328353512.5	36.12345632	0.05400310475	0.05400310475	0.008017606586	nan	nan
28	bBLG_WSe2_push0011	103453	3.051477551e-05	-0.01709363153	0.707170914	2.574122474e-05	0.001216625659	0.01187097954	-0.01256607139	0.6805099899	0.001400147472	0.009120172895	0.1780833541	34.96913577	1552560.985	101622295.1	nan	nan	nan	nan	nan	nan	|	bBLG_WSe2_push0000	102120	bBLG_WSe2_push0011	103453	arc_length	200	0.02919828691	0.1252570547	20.06762305	6148499.881	328353512.5	36.35955734	0.06509697348	0.06509697348	0.008746053389	nan	nan
28	bBLG_WSe2_push0011	103453	3.051477551e-05	-0.01709363153	0.707170914	2.574122474e-05	0.001216625659	0.01187097954	-0.01256607139	0.6805099899	0.001400147472	0.009120172895	0.1780833541	34.96913577	1552560.985	101622295.1	nan	nan	nan	nan	nan	nan	|	bBLG_WSe2_push0000	102120	bBLG_WSe2_push0011	103453	arc_length	200	0.02919828691	0.1252570547	20.06762305	6148499.881	328353512.5	36.59565837	0.05040203271	0.05040203271	0.009517338003	nan	nan
28	bBLG_WSe2_push0011	103453	3.051477551e-05	-0.01709363153	0.707170914	2.574122474e-05	0.001216625659	0.01187097954	-0.01256607139	0.6805099899	0.001400147472	0.009120172895	0.1780833541	34.96913577	1552560.985	101622295.1	nan	nan	nan	nan	nan	nan	|	bBLG_WSe2_push0000	102120	bBLG_WSe2_push0011	103453	arc_length	200	0.02919828691	0.1252570547	20.06762305	6148499.881	328353512.5	36.83175939	0.02582157477	0.02582157477	0.01033268437	nan	nan
28	bBLG_WSe2_push0011	103453	3.051477551e-05	-0.01709363153	0.707170914	2.574122474e-05	0.001216625659	0.01187097954	-0.01256607139	0.6805099899	0.001400147472	0.009120172895	0.1780833541	34.96913577	1552560.985	101622295.1	nan	nan	nan	nan	nan	nan	|	bBLG_WSe2_push0000	102120	bBLG_WSe2_push0011	103453	arc_length	200	0.02919828691	0.1252570547	20.06762305	6148499.881	328353512.5	37.06786041	0.001770783987	0.001770783987	0.01119331642	nan	nan
28	bBLG_WSe2_push0011	103453	3.051477551e-05	-0.01709363153	0.707170914	2.574122474e-05	0.001216625659	0.01187097954	-0.01256607139	0.6805099899	0.001400147472	0.009120172895	0.1780833541	34.96913577	1552560.985	101622295.1	nan	nan	nan	nan	nan	nan	|	bBLG_WSe2_push0000	102120	bBLG_WSe2_push0011	103453	arc_length	200	0.02919828691	0.1252570547	20.06762305	6148499.881	328353512.5	37.30396143	-0.01179289407	0.01179289407	0.0121004581	nan	nan
28	bBLG_WSe2_push0011	103453	3.051477551e-05	-0.01709363153	0.707170914	2.574122474e-05	0.001216625659	0.01187097954	-0.01256607139	0.6805099899	0.001400147472	0.009120172895	0.1780833541	34.96913577	1552560.985	101622295.1	nan	nan	nan	nan	nan	nan	|	bBLG_WSe2_push0000	102120	bBLG_WSe2_push0011	103453	arc_length	200	0.02919828691	0.1252570547	20.06762305	6148499.881	328353512.5	37.54006245	-0.0115985683	0.0115985683	0.01305533334	nan	nan
28	bBLG_WSe2_push0011	103453	3.051477551e-05	-0.01709363153	0.707170914	2.574122474e-05	0.001216625659	0.01187097954	-0.01256607139	0.6805099899	0.001400147472	0.009120172895	0.1780833541	34.96913577	1552560.985	101622295.1	nan	nan	nan	nan	nan	nan	|	bBLG_WSe2_push0000	102120	bBLG_WSe2_push0011	103453	arc_length	200	0.02919828691	0.1252570547	20.06762305	6148499.881	328353512.5	37.77616348	-0.001492044231	0.001492044231	0.01405916608	nan	nan
28	bBLG_WSe2_push0011	103453	3.051477551e-05	-0.01709363153	0.707170914	2.574122474e-05	0.001216625659	0.01187097954	-0.01256607139	0.6805099899	0.001400147472	0.009120172895	0.1780833541	34.96913577	1552560.985	101622295.1	nan	nan	nan	nan	nan	nan	|	bBLG_WSe2_push0000	102120	bBLG_WSe2_push0011	103453	arc_length	200	0.02919828691	0.1252570547	20.06762305	6148499.881	328353512.5	38.0122645	0.008051340376	0.008051340376	0.01511318026	nan	nan
28	bBLG_WSe2_push0011	103453	3.051477551e-05	-0.01709363153	0.707170914	2.574122474e-05	0.001216625659	0.01187097954	-0.01256607139	0.6805099899	0.001400147472	0.009120172895	0.1780833541	34.96913577	1552560.985	101622295.1	nan	nan	nan	nan	nan	nan	|	bBLG_WSe2_push0000	102120	bBLG_WSe2_push0011	103453	arc_length	200	0.02919828691	0.1252570547	20.06762305	6148499.881	328353512.5	38.24836552	0.01759472498	0.01759472498	0.01621859981	nan	nan
28	bBLG_WSe2_push0011	103453	3.051477551e-05	-0.01709363153	0.707170914	2.574122474e-05	0.001216625659	0.01187097954	-0.01256607139	0.6805099899	0.001400147472	0.009120172895	0.1780833541	34.96913577	1552560.985	101622295.1	nan	nan	nan	nan	nan	nan	|	bBLG_WSe2_push0000	102120	bBLG_WSe2_push0011	103453	arc_length	200	0.02919828691	0.1252570547	20.06762305	6148499.881	328353512.5	38.48446654	0.02713810959	0.02713810959	0.01737664867	nan	nan
28	bBLG_WSe2_push0011	103453	3.051477551e-05	-0.01709363153	0.707170914	2.574122474e-05	0.001216625659	0.01187097954	-0.01256607139	0.6805099899	0.001400147472	0.009120172895	0.1780833541	34.96913577	1552560.985	101622295.1	nan	nan	nan	nan	nan	nan	|	bBLG_WSe2_push0000	102120	bBLG_WSe2_push0011	103453	arc_length	200	0.02919828691	0.1252570547	20.06762305	6148499.881	328353512.5	38.72056756	0.03616340605	0.03616340605	0.01858855079	nan	nan
28	bBLG_WSe2_push0011	103453	3.051477551e-05	-0.01709363153	0.707170914	2.574122474e-05	0.001216625659	0.01187097954	-0.01256607139	0.6805099899	0.001400147472	0.009120172895	0.1780833541	34.96913577	1552560.985	101622295.1	nan	nan	nan	nan	nan	nan	|	bBLG_WSe2_push0000	102120	bBLG_WSe2_push0011	103453	arc_length	200	0.02919828691	0.1252570547	20.06762305	6148499.881	328353512.5	38.95666858	0.03507176845	0.03507176845	0.01985553009	nan	nan
28	bBLG_WSe2_push0011	103453	3.051477551e-05	-0.01709363153	0.707170914	2.574122474e-05	0.001216625659	0.01187097954	-0.01256607139	0.6805099899	0.001400147472	0.009120172895	0.1780833541	34.96913577	1552560.985	101622295.1	nan	nan	nan	nan	nan	nan	|	bBLG_WSe2_push0000	102120	bBLG_WSe2_push0011	103453	arc_length	200	0.02919828691	0.1252570547	20.06762305	6148499.881	328353512.5	39.19276961	0.0259949506	0.0259949506	0.02117881052	nan	nan
28	bBLG_WSe2_push0011	103453	3.051477551e-05	-0.01709363153	0.707170914	2.574122474e-05	0.001216625659	0.01187097954	-0.01256607139	0.6805099899	0.001400147472	0.009120172895	0.1780833541	34.96913577	1552560.985	101622295.1	nan	nan	nan	nan	nan	nan	|	bBLG_WSe2_push0000	102120	bBLG_WSe2_push0011	103453	arc_length	200	0.02919828691	0.1252570547	20.06762305	6148499.881	328353512.5	39.42887063	0.0173027867	0.0173027867	0.02255961601	nan	nan
28	bBLG_WSe2_push0011	103453	3.051477551e-05	-0.01709363153	0.707170914	2.574122474e-05	0.001216625659	0.01187097954	-0.01256607139	0.6805099899	0.001400147472	0.009120172895	0.1780833541	34.96913577	1552560.985	101622295.1	nan	nan	nan	nan	nan	nan	|	bBLG_WSe2_push0000	102120	bBLG_WSe2_push0011	103453	arc_length	200	0.02919828691	0.1252570547	20.06762305	6148499.881	328353512.5	39.66497165	0.006593153602	0.006593153602	0.0239991705	nan	nan
28	bBLG_WSe2_push0011	103453	3.051477551e-05	-0.01709363153	0.707170914	2.574122474e-05	0.001216625659	0.01187097954	-0.01256607139	0.6805099899	0.001400147472	0.009120172895	0.1780833541	34.96913577	1552560.985	101622295.1	nan	nan	nan	nan	nan	nan	|	bBLG_WSe2_push0000	102120	bBLG_WSe2_push0011	103453	arc_length	200	0.02919828691	0.1252570547	20.06762305	6148499.881	328353512.5	39.90107267	-0.01943096723	0.01943096723	0.02549869793	nan	nan
28	bBLG_WSe2_push0011	103453	3.051477551e-05	-0.01709363153	0.707170914	2.574122474e-05	0.001216625659	0.01187097954	-0.01256607139	0.6805099899	0.001400147472	0.009120172895	0.1780833541	34.96913577	1552560.985	101622295.1	nan	nan	nan	nan	nan	nan	|	bBLG_WSe2_push0000	102120	bBLG_WSe2_push0011	103453	arc_length	200	0.02919828691	0.1252570547	20.06762305	6148499.881	328353512.5	40.13717369	-0.05250203314	0.05250203314	0.02705942223	nan	nan
28	bBLG_WSe2_push0011	103453	3.051477551e-05	-0.01709363153	0.707170914	2.574122474e-05	0.001216625659	0.01187097954	-0.01256607139	0.6805099899	0.001400147472	0.009120172895	0.1780833541	34.96913577	1552560.985	101622295.1	nan	nan	nan	nan	nan	nan	|	bBLG_WSe2_push0000	102120	bBLG_WSe2_push0011	103453	arc_length	200	0.02919828691	0.1252570547	20.06762305	6148499.881	328353512.5	40.37327471	-0.103976124	0.103976124	0.02868256734	nan	nan
28	bBLG_WSe2_push0011	103453	3.051477551e-05	-0.01709363153	0.707170914	2.574122474e-05	0.001216625659	0.01187097954	-0.01256607139	0.6805099899	0.001400147472	0.009120172895	0.1780833541	34.96913577	1552560.985	101622295.1	nan	nan	nan	nan	nan	nan	|	bBLG_WSe2_push0000	102120	bBLG_WSe2_push0011	103453	arc_length	200	0.02919828691	0.1252570547	20.06762305	6148499.881	328353512.5	40.60937574	-0.121778646	0.121778646	0.03036935721	nan	nan
28	bBLG_WSe2_push0011	103453	3.051477551e-05	-0.01709363153	0.707170914	2.574122474e-05	0.001216625659	0.01187097954	-0.01256607139	0.6805099899	0.001400147472	0.009120172895	0.1780833541	34.96913577	1552560.985	101622295.1	nan	nan	nan	nan	nan	nan	|	bBLG_WSe2_push0000	102120	bBLG_WSe2_push0011	103453	arc_length	200	0.02919828691	0.1252570547	20.06762305	6148499.881	328353512.5	40.84547676	-0.1095569515	0.1095569515	0.03212101576	nan	nan
28	bBLG_WSe2_push0011	103453	3.051477551e-05	-0.01709363153	0.707170914	2.574122474e-05	0.001216625659	0.01187097954	-0.01256607139	0.6805099899	0.001400147472	0.009120172895	0.1780833541	34.96913577	1552560.985	101622295.1	nan	nan	nan	nan	nan	nan	|	bBLG_WSe2_push0000	102120	bBLG_WSe2_push0011	103453	arc_length	200	0.02919828691	0.1252570547	20.06762305	6148499.881	328353512.5	41.08157778	-0.08089969447	0.08089969447	0.03393876694	nan	nan
28	bBLG_WSe2_push0011	103453	3.051477551e-05	-0.01709363153	0.707170914	2.574122474e-05	0.001216625659	0.01187097954	-0.01256607139	0.6805099899	0.001400147472	0.009120172895	0.1780833541	34.96913577	1552560.985	101622295.1	nan	nan	nan	nan	nan	nan	|	bBLG_WSe2_push0000	102120	bBLG_WSe2_push0011	103453	arc_length	200	0.02919828691	0.1252570547	20.06762305	6148499.881	328353512.5	41.3176788	-0.07394383329	0.07394383329	0.03582383468	nan	nan
28	bBLG_WSe2_push0011	103453	3.051477551e-05	-0.01709363153	0.707170914	2.574122474e-05	0.001216625659	0.01187097954	-0.01256607139	0.6805099899	0.001400147472	0.009120172895	0.1780833541	34.96913577	1552560.985	101622295.1	nan	nan	nan	nan	nan	nan	|	bBLG_WSe2_push0000	102120	bBLG_WSe2_push0011	103453	arc_length	200	0.02919828691	0.1252570547	20.06762305	6148499.881	328353512.5	41.55377982	-0.1075007804	0.1075007804	0.03777744292	nan	nan
28	bBLG_WSe2_push0011	103453	3.051477551e-05	-0.01709363153	0.707170914	2.574122474e-05	0.001216625659	0.01187097954	-0.01256607139	0.6805099899	0.001400147472	0.009120172895	0.1780833541	34.96913577	1552560.985	101622295.1	nan	nan	nan	nan	nan	nan	|	bBLG_WSe2_push0000	102120	bBLG_WSe2_push0011	103453	arc_length	200	0.02919828691	0.1252570547	20.06762305	6148499.881	328353512.5	41.78988084	-0.1431179476	0.1431179476	0.0398008156	nan	nan
28	bBLG_WSe2_push0011	103453	3.051477551e-05	-0.01709363153	0.707170914	2.574122474e-05	0.001216625659	0.01187097954	-0.01256607139	0.6805099899	0.001400147472	0.009120172895	0.1780833541	34.96913577	1552560.985	101622295.1	nan	nan	nan	nan	nan	nan	|	bBLG_WSe2_push0000	102120	bBLG_WSe2_push0011	103453	arc_length	200	0.02919828691	0.1252570547	20.06762305	6148499.881	328353512.5	42.02598187	-0.1377893014	0.1377893014	0.04189517665	nan	nan
28	bBLG_WSe2_push0011	103453	3.051477551e-05	-0.01709363153	0.707170914	2.574122474e-05	0.001216625659	0.01187097954	-0.01256607139	0.6805099899	0.001400147472	0.009120172895	0.1780833541	34.96913577	1552560.985	101622295.1	nan	nan	nan	nan	nan	nan	|	bBLG_WSe2_push0000	102120	bBLG_WSe2_push0011	103453	arc_length	200	0.02919828691	0.1252570547	20.06762305	6148499.881	328353512.5	42.26208289	-0.1073165284	0.1073165284	0.04406175002	nan	nan
28	bBLG_WSe2_push0011	103453	3.051477551e-05	-0.01709363153	0.707170914	2.574122474e-05	0.001216625659	0.01187097954	-0.01256607139	0.6805099899	0.001400147472	0.009120172895	0.1780833541	34.96913577	1552560.985	101622295.1	nan	nan	nan	nan	nan	nan	|	bBLG_WSe2_push0000	102120	bBLG_WSe2_push0011	103453	arc_length	200	0.02919828691	0.1252570547	20.06762305	6148499.881	328353512.5	42.49818391	-0.07409568663	0.07409568663	0.04630175963	nan	nan
28	bBLG_WSe2_push0011	103453	3.051477551e-05	-0.01709363153	0.707170914	2.574122474e-05	0.001216625659	0.01187097954	-0.01256607139	0.6805099899	0.001400147472	0.009120172895	0.1780833541	34.96913577	1552560.985	101622295.1	nan	nan	nan	nan	nan	nan	|	bBLG_WSe2_push0000	102120	bBLG_WSe2_push0011	103453	arc_length	200	0.02919828691	0.1252570547	20.06762305	6148499.881	328353512.5	42.73428493	-0.05723799305	0.05723799305	0.04861642943	nan	nan
28	bBLG_WSe2_push0011	103453	3.051477551e-05	-0.01709363153	0.707170914	2.574122474e-05	0.001216625659	0.01187097954	-0.01256607139	0.6805099899	0.001400147472	0.009120172895	0.1780833541	34.96913577	1552560.985	101622295.1	nan	nan	nan	nan	nan	nan	|	bBLG_WSe2_push0000	102120	bBLG_WSe2_push0011	103453	arc_length	200	0.02919828691	0.1252570547	20.06762305	6148499.881	328353512.5	42.97038595	-0.05160898032	0.05160898032	0.05100698336	nan	nan
28	bBLG_WSe2_push0011	103453	3.051477551e-05	-0.01709363153	0.707170914	2.574122474e-05	0.001216625659	0.01187097954	-0.01256607139	0.6805099899	0.001400147472	0.009120172895	0.1780833541	34.96913577	1552560.985	101622295.1	nan	nan	nan	nan	nan	nan	|	bBLG_WSe2_push0000	102120	bBLG_WSe2_push0011	103453	arc_length	200	0.02919828691	0.1252570547	20.06762305	6148499.881	328353512.5	43.20648697	-0.04976608391	0.04976608391	0.05347464535	nan	nan
28	bBLG_WSe2_push0011	103453	3.051477551e-05	-0.01709363153	0.707170914	2.574122474e-05	0.001216625659	0.01187097954	-0.01256607139	0.6805099899	0.001400147472	0.009120172895	0.1780833541	34.96913577	1552560.985	101622295.1	nan	nan	nan	nan	nan	nan	|	bBLG_WSe2_push0000	102120	bBLG_WSe2_push0011	103453	arc_length	200	0.02919828691	0.1252570547	20.06762305	6148499.881	328353512.5	43.442588	-0.0399483598	0.0399483598	0.05602063934	nan	nan
28	bBLG_WSe2_push0011	103453	3.051477551e-05	-0.01709363153	0.707170914	2.574122474e-05	0.001216625659	0.01187097954	-0.01256607139	0.6805099899	0.001400147472	0.009120172895	0.1780833541	34.96913577	1552560.985	101622295.1	nan	nan	nan	nan	nan	nan	|	bBLG_WSe2_push0000	102120	bBLG_WSe2_push0011	103453	arc_length	200	0.02919828691	0.1252570547	20.06762305	6148499.881	328353512.5	43.67868902	-0.03027736191	0.03027736191	0.05864618927	nan	nan
28	bBLG_WSe2_push0011	103453	3.051477551e-05	-0.01709363153	0.707170914	2.574122474e-05	0.001216625659	0.01187097954	-0.01256607139	0.6805099899	0.001400147472	0.009120172895	0.1780833541	34.96913577	1552560.985	101622295.1	nan	nan	nan	nan	nan	nan	|	bBLG_WSe2_push0000	102120	bBLG_WSe2_push0011	103453	arc_length	200	0.02919828691	0.1252570547	20.06762305	6148499.881	328353512.5	43.91479004	-0.03159148566	0.03159148566	0.06135251907	nan	nan
28	bBLG_WSe2_push0011	103453	3.051477551e-05	-0.01709363153	0.707170914	2.574122474e-05	0.001216625659	0.01187097954	-0.01256607139	0.6805099899	0.001400147472	0.009120172895	0.1780833541	34.96913577	1552560.985	101622295.1	nan	nan	nan	nan	nan	nan	|	bBLG_WSe2_push0000	102120	bBLG_WSe2_push0011	103453	arc_length	200	0.02919828691	0.1252570547	20.06762305	6148499.881	328353512.5	44.15089106	-0.04344544368	0.04344544368	0.06414085269	nan	nan
28	bBLG_WSe2_push0011	103453	3.051477551e-05	-0.01709363153	0.707170914	2.574122474e-05	0.001216625659	0.01187097954	-0.01256607139	0.6805099899	0.001400147472	0.009120172895	0.1780833541	34.96913577	1552560.985	101622295.1	nan	nan	nan	nan	nan	nan	|	bBLG_WSe2_push0000	102120	bBLG_WSe2_push0011	103453	arc_length	200	0.02919828691	0.1252570547	20.06762305	6148499.881	328353512.5	44.38699208	-0.05486058672	0.05486058672	0.06701241406	nan	nan
28	bBLG_WSe2_push0011	103453	3.051477551e-05	-0.01709363153	0.707170914	2.574122474e-05	0.001216625659	0.01187097954	-0.01256607139	0.6805099899	0.001400147472	0.009120172895	0.1780833541	34.96913577	1552560.985	101622295.1	nan	nan	nan	nan	nan	nan	|	bBLG_WSe2_push0000	102120	bBLG_WSe2_push0011	103453	arc_length	200	0.02919828691	0.1252570547	20.06762305	6148499.881	328353512.5	44.6230931	-0.06005134564	0.06005134564	0.06996842711	nan	nan
28	bBLG_WSe2_push0011	103453	3.051477551e-05	-0.01709363153	0.707170914	2.574122474e-05	0.001216625659	0.01187097954	-0.01256607139	0.6805099899	0.001400147472	0.009120172895	0.1780833541	34.96913577	1552560.985	101622295.1	nan	nan	nan	nan	nan	nan	|	bBLG_WSe2_push0000	102120	bBLG_WSe2_push0011	103453	arc_length	200	0.02919828691	0.1252570547	20.06762305	6148499.881	328353512.5	44.85919413	-0.06524210456	0.06524210456	0.07301011579	nan	nan
28	bBLG_WSe2_push0011	103453	3.051477551e-05	-0.01709363153	0.707170914	2.574122474e-05	0.001216625659	0.01187097954	-0.01256607139	0.6805099899	0.001400147472	0.009120172895	0.1780833541	34.96913577	1552560.985	101622295.1	nan	nan	nan	nan	nan	nan	|	bBLG_WSe2_push0000	102120	bBLG_WSe2_push0011	103453	arc_length	200	0.02919828691	0.1252570547	20.06762305	6148499.881	328353512.5	45.09529515	-0.07158873474	0.07158873474	0.07613870403	nan	nan
28	bBLG_WSe2_push0011	103453	3.051477551e-05	-0.01709363153	0.707170914	2.574122474e-05	0.001216625659	0.01187097954	-0.01256607139	0.6805099899	0.001400147472	0.009120172895	0.1780833541	34.96913577	1552560.985	101622295.1	nan	nan	nan	nan	nan	nan	|	bBLG_WSe2_push0000	102120	bBLG_WSe2_push0011	103453	arc_length	200	0.02919828691	0.1252570547	20.06762305	6148499.881	328353512.5	45.33139617	-0.08410234642	0.08410234642	0.07935541577	nan	nan
28	bBLG_WSe2_push0011	103453	3.051477551e-05	-0.01709363153	0.707170914	2.574122474e-05	0.001216625659	0.01187097954	-0.01256607139	0.6805099899	0.001400147472	0.009120172895	0.1780833541	34.96913577	1552560.985	101622295.1	nan	nan	nan	nan	nan	nan	|	bBLG_WSe2_push0000	102120	bBLG_WSe2_push0011	103453	arc_length	200	0.02919828691	0.1252570547	20.06762305	6148499.881	328353512.5	45.56749719	-0.09162812986	0.09162812986	0.08266147495	nan	nan
28	bBLG_WSe2_push0011	103453	3.051477551e-05	-0.01709363153	0.707170914	2.574122474e-05	0.001216625659	0.01187097954	-0.01256607139	0.6805099899	0.001400147472	0.009120172895	0.1780833541	34.96913577	1552560.985	101622295.1	nan	nan	nan	nan	nan	nan	|	bBLG_WSe2_push0000	102120	bBLG_WSe2_push0011	103453	arc_length	200	0.02919828691	0.1252570547	20.06762305	6148499.881	328353512.5	45.80359821	-0.0980769219	0.0980769219	0.0860581055	nan	nan
28	bBLG_WSe2_push0011	103453	3.051477551e-05	-0.01709363153	0.707170914	2.574122474e-05	0.001216625659	0.01187097954	-0.01256607139	0.6805099899	0.001400147472	0.009120172895	0.1780833541	34.96913577	1552560.985	101622295.1	nan	nan	nan	nan	nan	nan	|	bBLG_WSe2_push0000	102120	bBLG_WSe2_push0011	103453	arc_length	200	0.02919828691	0.1252570547	20.06762305	6148499.881	328353512.5	46.03969924	-0.09303105705	0.09303105705	0.08954653137	nan	nan
28	bBLG_WSe2_push0011	103453	3.051477551e-05	-0.01709363153	0.707170914	2.574122474e-05	0.001216625659	0.01187097954	-0.01256607139	0.6805099899	0.001400147472	0.009120172895	0.1780833541	34.96913577	1552560.985	101622295.1	nan	nan	nan	nan	nan	nan	|	bBLG_WSe2_push0000	102120	bBLG_WSe2_push0011	103453	arc_length	200	0.02919828691	0.1252570547	20.06762305	6148499.881	328353512.5	46.27580026	-0.07239366042	0.07239366042	0.09312797648	nan	nan
28	bBLG_WSe2_push0011	103453	3.051477551e-05	-0.01709363153	0.707170914	2.574122474e-05	0.001216625659	0.01187097954	-0.01256607139	0.6805099899	0.001400147472	0.009120172895	0.1780833541	34.96913577	1552560.985	101622295.1	nan	nan	nan	nan	nan	nan	|	bBLG_WSe2_push0000	102120	bBLG_WSe2_push0011	103453	arc_length	200	0.02919828691	0.1252570547	20.06762305	6148499.881	328353512.5	46.51190128	-0.0490137299	0.0490137299	0.09680366478	nan	nan
28	bBLG_WSe2_push0011	103453	3.051477551e-05	-0.01709363153	0.707170914	2.574122474e-05	0.001216625659	0.01187097954	-0.01256607139	0.6805099899	0.001400147472	0.009120172895	0.1780833541	34.96913577	1552560.985	101622295.1	nan	nan	nan	nan	nan	nan	|	bBLG_WSe2_push0000	102120	bBLG_WSe2_push0011	103453	arc_length	200	0.02919828691	0.1252570547	20.06762305	6148499.881	328353512.5	46.7480023	-0.02563379938	0.02563379938	0.1005748202	nan	nan
28	nan	nan	nan	nan	nan	nan	nan	nan	nan	nan	nan	nan	nan	nan	nan	nan	nan	nan	nan	nan	nan	nan	|	bBLG_WSe2_push0000	102120	bBLG_WSe2_push0011	103453	arc_length	200	0.02919828691	0.1252570547	20.06762305	6148499.881	328353512.5	46.98410332	-0.002253868855	0.002253868855	0.1044426667	nan	nan
