x_split	fit_v1_file_name	fit_v1_file_time	fit_v1_parabola_a	fit_v1_parabola_b	fit_v1_parabola_c	fit_v1_parabola_a_err	fit_v1_parabola_b_err	fit_v1_parabola_c_err	fit_v1_line_m	fit_v1_line_q	fit_v1_line_m_err	fit_v1_line_q_err	fit_v1_d0	fit_v1_L	fit_v1_d0_err	fit_v1_L_err	fit_v1_x	fit_v1_d_signed	fit_v1_d_abs	fit_v1_d_fit	fit_v1_theta_x	fit_v1_theta	|	direct_pre_file_name	direct_pre_file_time	direct_post_file_name	direct_post_file_time	direct_sample_method	direct_n_samples	direct_registration_rmse	direct_d0	direct_L	direct_d0_err	direct_L_err	direct_x	direct_d_signed	direct_d_abs	direct_d_fit	direct_theta_x	direct_theta
29	cg30_TapAfter0000	132440	-0.000179394634	0.03756699012	-0.03766262753	1.306239293e-05	0.0008613990242	0.01206718839	0.03191884171	-0.009764651469	0.0005942177159	0.01136779148	0.5546801554	31.31819854	4234598.986	79697590.61	0	0.009764651469	0.009764651469	0	33.131396	0	|	cg30_TapBefore_0000	131353	cg30_TapAfter0000	132440	arc_length	200	0.03379640979	0.6352567045	35.36234125	1473626.49	27343741.09	0	-0.003189849805	0.003189849805	0	29.19509183	0
29	cg30_TapAfter0000	132440	-0.000179394634	0.03756699012	-0.03766262753	1.306239293e-05	0.0008613990242	0.01206718839	0.03191884171	-0.009764651469	0.0005942177159	0.01136779148	0.5546801554	31.31819854	4234598.986	79697590.61	0.871879	0.05459128368	0.05459128368	0	33.930619	0.001982586495	|	cg30_TapBefore_0000	131353	cg30_TapAfter0000	132440	arc_length	200	0.03379640979	0.6352567045	35.36234125	1473626.49	27343741.09	0.3243899092	0.01567798751	0.01567798751	0	29.51948173	0.000259839268
29	cg30_TapAfter0000	132440	-0.000179394634	0.03756699012	-0.03766262753	1.306239293e-05	0.0008613990242	0.01206718839	0.03191884171	-0.009764651469	0.0005942177159	0.01136779148	0.5546801554	31.31819854	4234598.986	79697590.61	1.816415	0.0244427886	0.0244427886	0	34.657184	0.007225777496	|	cg30_TapBefore_0000	131353	cg30_TapAfter0000	132440	arc_length	200	0.03379640979	0.6352567045	35.36234125	1473626.49	27343741.09	0.6487798183	0.03454582482	0.03454582482	0	29.84387164	0.001039357072
29	cg30_TapAfter0000	132440	-0.000179394634	0.03756699012	-0.03766262753	1.306239293e-05	0.0008613990242	0.01206718839	0.03191884171	-0.009764651469	0.0005942177159	0.01136779148	0.5546801554	31.31819854	4234598.986	79697590.61	2.688294	-0.003386579194	0.003386579194	0	35.311093	0.01474648251	|	cg30_TapBefore_0000	131353	cg30_TapAfter0000	132440	arc_length	200	0.03379640979	0.6352567045	35.36234125	1473626.49	27343741.09	0.9731697275	0.04524703216	0.04524703216	0	30.16826155	0.002338553411
29	cg30_TapAfter0000	132440	-0.000179394634	0.03756699012	-0.03766262753	1.306239293e-05	0.0008613990242	0.01206718839	0.03191884171	-0.009764651469	0.0005942177159	0.01136779148	0.5546801554	31.31819854	4234598.986	79697590.61	3.560172	-0.03121591507	0.03121591507	0	36.110316	0.02754316499	|	cg30_TapBefore_0000	131353	cg30_TapAfter0000	132440	arc_length	200	0.03379640979	0.6352567045	35.36234125	1473626.49	27343741.09	1.297559637	0.03715640212	0.03715640212	0	30.49265146	0.00415742828
29	cg30_TapAfter0000	132440	-0.000179394634	0.03756699012	-0.03766262753	1.306239293e-05	0.0008613990242	0.01206718839	0.03191884171	-0.009764651469	0.0005942177159	0.01136779148	0.5546801554	31.31819854	4234598.986	79697590.61	4.359395	0.0159308125	0.0159308125	0	36.909538	0.0443049921	|	cg30_TapBefore_0000	131353	cg30_TapAfter0000	132440	arc_length	200	0.03379640979	0.6352567045	35.36234125	1473626.49	27343741.09	1.621949546	0.02906577208	0.02906577208	0	30.81704137	0.006495981672
29	cg30_TapAfter0000	132440	-0.000179394634	0.03756699012	-0.03766262753	1.306239293e-05	0.0008613990242	0.01206718839	0.03191884171	-0.009764651469	0.0005942177159	0.01136779148	0.5546801554	31.31819854	4234598.986	79697590.61	5.08596	-0.007260300727	0.007260300727	0	37.636104	0.06298386554	|	cg30_TapBefore_0000	131353	cg30_TapAfter0000	132440	arc_length	200	0.03379640979	0.6352567045	35.36234125	1473626.49	27343741.09	1.946339455	0.02097514203	0.02097514203	0	31.14143128	0.009354213564
29	cg30_TapAfter0000	132440	-0.000179394634	0.03756699012	-0.03766262753	1.306239293e-05	0.0008613990242	0.01206718839	0.03191884171	-0.009764651469	0.0005942177159	0.01136779148	0.5546801554	31.31819854	4234598.986	79697590.61	5.885183	-0.03277057316	0.03277057316	0	38.362669	0.08493968538	|	cg30_TapBefore_0000	131353	cg30_TapAfter0000	132440	arc_length	200	0.03379640979	0.6352567045	35.36234125	1473626.49	27343741.09	2.270729364	0.01288451199	0.01288451199	0	31.46582119	0.01273212392
29	cg30_TapAfter0000	132440	-0.000179394634	0.03756699012	-0.03766262753	1.306239293e-05	0.0008613990242	0.01206718839	0.03191884171	-0.009764651469	0.0005942177159	0.01136779148	0.5546801554	31.31819854	4234598.986	79697590.61	6.757061	-0.06059990903	0.06059990903	0	39.016578	0.1075017373	|	cg30_TapBefore_0000	131353	cg30_TapAfter0000	132440	arc_length	200	0.03379640979	0.6352567045	35.36234125	1473626.49	27343741.09	2.595119273	0.00479388195	0.00479388195	0	31.7902111	0.01662971268
29	cg30_TapAfter0000	132440	-0.000179394634	0.03756699012	-0.03766262753	1.306239293e-05	0.0008613990242	0.01206718839	0.03191884171	-0.009764651469	0.0005942177159	0.01136779148	0.5546801554	31.31819854	4234598.986	79697590.61	7.62894	-0.08842927683	0.08842927683	0	39.815801	0.1386822437	|	cg30_TapBefore_0000	131353	cg30_TapAfter0000	132440	arc_length	200	0.03379640979	0.6352567045	35.36234125	1473626.49	27343741.09	2.919509183	-0.003296748092	0.003296748092	0	32.11460101	0.02104697976
29	cg30_TapAfter0000	132440	-0.000179394634	0.03756699012	-0.03766262753	1.306239293e-05	0.0008613990242	0.01206718839	0.03191884171	-0.009764651469	0.0005942177159	0.01136779148	0.5546801554	31.31819854	4234598.986	79697590.61	8.500819	0.02905435538	0.02905435538	0	40.542366	0.1704688477	|	cg30_TapBefore_0000	131353	cg30_TapAfter0000	132440	arc_length	200	0.03379640979	0.6352567045	35.36234125	1473626.49	27343741.09	3.243899092	-0.01138737813	0.01138737813	0	32.43899092	0.02598392502
29	cg30_TapAfter0000	132440	-0.000179394634	0.03756699012	-0.03766262753	1.306239293e-05	0.0008613990242	0.01206718839	0.03191884171	-0.009764651469	0.0005942177159	0.01136779148	0.5546801554	31.31819854	4234598.986	79697590.61	9.372698	0.07388098759	0.07388098759	0	41.341589	0.2092189408	|	cg30_TapBefore_0000	131353	cg30_TapAfter0000	132440	arc_length	200	0.03379640979	0.6352567045	35.36234125	1473626.49	27343741.09	3.568289001	-0.01901635429	0.01901635429	0	32.76338083	0.03144054827
29	cg30_TapAfter0000	132440	-0.000179394634	0.03756699012	-0.03766262753	1.306239293e-05	0.0008613990242	0.01206718839	0.03191884171	-0.009764651469	0.0005942177159	0.01136779148	0.5546801554	31.31819854	4234598.986	79697590.61	10.17192	-0.02428525292	0.02428525292	0	42.068154	0.2478868464	|	cg30_TapBefore_0000	131353	cg30_TapAfter0000	132440	arc_length	200	0.03379640979	0.6352567045	35.36234125	1473626.49	27343741.09	3.89267891	0.002286134746	0.002286134746	0	33.08777074	0.03741684927
29	cg30_TapAfter0000	132440	-0.000179394634	0.03756699012	-0.03766262753	1.306239293e-05	0.0008613990242	0.01206718839	0.03191884171	-0.009764651469	0.0005942177159	0.01136779148	0.5546801554	31.31819854	4234598.986	79697590.61	11.043799	-0.05211462072	0.05211462072	0	42.867377	0.2942061961	|	cg30_TapBefore_0000	131353	cg30_TapAfter0000	132440	arc_length	200	0.03379640979	0.6352567045	35.36234125	1473626.49	27343741.09	4.217068819	0.02358862378	0.02358862378	0	33.41216064	0.04391282769
29	cg30_TapAfter0000	132440	-0.000179394634	0.03756699012	-0.03766262753	1.306239293e-05	0.0008613990242	0.01206718839	0.03191884171	-0.009764651469	0.0005942177159	0.01136779148	0.5546801554	31.31819854	4234598.986	79697590.61	11.843021	0.06768813877	0.06768813877	0	43.593942	0.3397550081	|	cg30_TapBefore_0000	131353	cg30_TapAfter0000	132440	arc_length	200	0.03379640979	0.6352567045	35.36234125	1473626.49	27343741.09	4.541458728	0.02896670085	0.02896670085	0	33.73655055	0.05092848311
29	cg30_TapAfter0000	132440	-0.000179394634	0.03756699012	-0.03766262753	1.306239293e-05	0.0008613990242	0.01206718839	0.03191884171	-0.009764651469	0.0005942177159	0.01136779148	0.5546801554	31.31819854	4234598.986	79697590.61	12.7149	0.03985877098	0.03985877098	0	44.320508	0.3885803008	|	cg30_TapBefore_0000	131353	cg30_TapAfter0000	132440	arc_length	200	0.03379640979	0.6352567045	35.36234125	1473626.49	27343741.09	4.865848638	0.02087607081	0.02087607081	0	34.06094046	0.05846381501
29	cg30_TapAfter0000	132440	-0.000179394634	0.03756699012	-0.03766262753	1.306239293e-05	0.0008613990242	0.01206718839	0.03191884171	-0.009764651469	0.0005942177159	0.01136779148	0.5546801554	31.31819854	4234598.986	79697590.61	13.368809	0.01898675311	0.01898675311	0	45.11973	0.4460721301	|	cg30_TapBefore_0000	131353	cg30_TapAfter0000	132440	arc_length	200	0.03379640979	0.6352567045	35.36234125	1473626.49	27343741.09	5.190238547	0.01278544077	0.01278544077	0	34.38533037	0.06651882272
29	cg30_TapAfter0000	132440	-0.000179394634	0.03756699012	-0.03766262753	1.306239293e-05	0.0008613990242	0.01206718839	0.03191884171	-0.009764651469	0.0005942177159	0.01136779148	0.5546801554	31.31819854	4234598.986	79697590.61	14.240688	-0.008842614681	0.008842614681	0	45.846296	0.501777278	|	cg30_TapBefore_0000	131353	cg30_TapAfter0000	132440	arc_length	200	0.03379640979	0.6352567045	35.36234125	1473626.49	27343741.09	5.514628456	0.004694810728	0.004694810728	0	34.70972028	0.07509350545
29	cg30_TapAfter0000	132440	-0.000179394634	0.03756699012	-0.03766262753	1.306239293e-05	0.0008613990242	0.01206718839	0.03191884171	-0.009764651469	0.0005942177159	0.01136779148	0.5546801554	31.31819854	4234598.986	79697590.61	14.967254	-0.03203375983	0.03203375983	0	46.645518	0.5668363567	|	cg30_TapBefore_0000	131353	cg30_TapAfter0000	132440	arc_length	200	0.03379640979	0.6352567045	35.36234125	1473626.49	27343741.09	5.839018365	-0.003395819314	0.003395819314	0	35.03411019	0.08418786224
29	cg30_TapAfter0000	132440	-0.000179394634	0.03756699012	-0.03766262753	1.306239293e-05	0.0008613990242	0.01206718839	0.03191884171	-0.009764651469	0.0005942177159	0.01136779148	0.5546801554	31.31819854	4234598.986	79697590.61	15.693819	0.01743212694	0.01743212694	0	47.372084	0.6294201889	|	cg30_TapBefore_0000	131353	cg30_TapAfter0000	132440	arc_length	200	0.03379640979	0.6352567045	35.36234125	1473626.49	27343741.09	6.163408274	-0.01148644936	0.01148644936	0	35.3585001	0.09380189194
29	cg30_TapAfter0000	132440	-0.000179394634	0.03756699012	-0.03766262753	1.306239293e-05	0.0008613990242	0.01206718839	0.03191884171	-0.009764651469	0.0005942177159	0.01136779148	0.5546801554	31.31819854	4234598.986	79697590.61	16.493042	-0.008078145488	0.008078145488	0	48.171306	0.7020449768	|	cg30_TapBefore_0000	131353	cg30_TapAfter0000	132440	arc_length	200	0.03379640979	0.6352567045	35.36234125	1473626.49	27343741.09	6.487798183	-0.0195770794	0.0195770794	0	35.68289001	0.1039355932
29	cg30_TapAfter0000	132440	-0.000179394634	0.03756699012	-0.03766262753	1.306239293e-05	0.0008613990242	0.01206718839	0.03191884171	-0.009764651469	0.0005942177159	0.01136779148	0.5546801554	31.31819854	4234598.986	79697590.61	17.292264	0.039067614	0.039067614	0	48.897872	0.771505836	|	cg30_TapBefore_0000	131353	cg30_TapAfter0000	132440	arc_length	200	0.03379640979	0.6352567045	35.36234125	1473626.49	27343741.09	6.812188093	-0.02766770944	0.02766770944	0	36.00727992	0.1145889644
29	cg30_TapAfter0000	132440	-0.000179394634	0.03756699012	-0.03766262753	1.306239293e-05	0.0008613990242	0.01206718839	0.03191884171	-0.009764651469	0.0005942177159	0.01136779148	0.5546801554	31.31819854	4234598.986	79697590.61	18.01883	0.01587646885	0.01587646885	0	49.551781	0.836819874	|	cg30_TapBefore_0000	131353	cg30_TapAfter0000	132440	arc_length	200	0.03379640979	0.6352567045	35.36234125	1473626.49	27343741.09	7.136578002	-0.03575833948	0.03575833948	0	36.33166983	0.1257620037
29	cg30_TapAfter0000	132440	-0.000179394634	0.03756699012	-0.03766262753	1.306239293e-05	0.0008613990242	0.01206718839	0.03191884171	-0.009764651469	0.0005942177159	0.01136779148	0.5546801554	31.31819854	4234598.986	79697590.61	18.818052	-0.009633771658	0.009633771658	0	50.278347	0.912500875	|	cg30_TapBefore_0000	131353	cg30_TapAfter0000	132440	arc_length	200	0.03379640979	0.6352567045	35.36234125	1473626.49	27343741.09	7.460967911	-0.04446504763	0.04446504763	0	36.65605974	0.1374547091
29	cg30_TapAfter0000	132440	-0.000179394634	0.03756699012	-0.03766262753	1.306239293e-05	0.0008613990242	0.01206718839	0.03191884171	-0.009764651469	0.0005942177159	0.01136779148	0.5546801554	31.31819854	4234598.986	79697590.61	19.689931	-0.03746313945	0.03746313945	0	51.004912	0.9914546021	|	cg30_TapBefore_0000	131353	cg30_TapAfter0000	132440	arc_length	200	0.03379640979	0.6352567045	35.36234125	1473626.49	27343741.09	7.78535782	-0.05835088008	0.05835088008	0	36.98044965	0.1496670779
29	cg30_TapAfter0000	132440	-0.000179394634	0.03756699012	-0.03766262753	1.306239293e-05	0.0008613990242	0.01206718839	0.03191884171	-0.009764651469	0.0005942177159	0.01136779148	0.5546801554	31.31819854	4234598.986	79697590.61	20.34384	0.01432184268	0.01432184268	0	51.731478	1.073680522	|	cg30_TapBefore_0000	131353	cg30_TapAfter0000	132440	arc_length	200	0.03379640979	0.6352567045	35.36234125	1473626.49	27343741.09	8.109747729	-0.04493010946	0.04493010946	0	37.30483955	0.1623991076
29	cg30_TapAfter0000	132440	-0.000179394634	0.03756699012	-0.03766262753	1.306239293e-05	0.0008613990242	0.01206718839	0.03191884171	-0.009764651469	0.0005942177159	0.01136779148	0.5546801554	31.31819854	4234598.986	79697590.61	21.143062	-0.01118839783	0.01118839783	0	52.5307	1.167907207	|	cg30_TapBefore_0000	131353	cg30_TapAfter0000	132440	arc_length	200	0.03379640979	0.6352567045	35.36234125	1473626.49	27343741.09	8.434137638	-0.009371973437	0.009371973437	0	37.62922946	0.1756507949
29	cg30_TapAfter0000	132440	-0.000179394634	0.03756699012	-0.03766262753	1.306239293e-05	0.0008613990242	0.01206718839	0.03191884171	-0.009764651469	0.0005942177159	0.01136779148	0.5546801554	31.31819854	4234598.986	79697590.61	21.796971	-0.03206041569	0.03206041569	0	53.18461	1.247945126	|	cg30_TapBefore_0000	131353	cg30_TapAfter0000	132440	arc_length	200	0.03379640979	0.6352567045	35.36234125	1473626.49	27343741.09	8.758527548	0.01659165427	0.01659165427	0	37.95361937	0.1894221362
29	cg30_TapAfter0000	132440	-0.000179394634	0.03756699012	-0.03766262753	1.306239293e-05	0.0008613990242	0.01206718839	0.03191884171	-0.009764651469	0.0005942177159	0.01136779148	0.5546801554	31.31819854	4234598.986	79697590.61	22.523537	0.01740443916	0.01740443916	0	53.911175	1.339981663	|	cg30_TapBefore_0000	131353	cg30_TapAfter0000	132440	arc_length	200	0.03379640979	0.6352567045	35.36234125	1473626.49	27343741.09	9.082917457	0.03545949158	0.03545949158	0	38.27800928	0.2037131277
29	cg30_TapAfter0000	132440	-0.000179394634	0.03756699012	-0.03766262753	1.306239293e-05	0.0008613990242	0.01206718839	0.03191884171	-0.009764651469	0.0005942177159	0.01136779148	0.5546801554	31.31819854	4234598.986	79697590.61	23.322759	-0.008105801352	0.008105801352	0	54.783054	1.454739318	|	cg30_TapBefore_0000	131353	cg30_TapAfter0000	132440	arc_length	200	0.03379640979	0.6352567045	35.36234125	1473626.49	27343741.09	9.407307366	0.05202954919	0.05202954919	0	38.60239919	0.2185237648
29	cg30_TapAfter0000	132440	-0.000179394634	0.03756699012	-0.03766262753	1.306239293e-05	0.0008613990242	0.01206718839	0.03191884171	-0.009764651469	0.0005942177159	0.01136779148	0.5546801554	31.31819854	4234598.986	79697590.61	24.049325	-0.0312969465	0.0312969465	0	55.654933	1.574200625	|	cg30_TapBefore_0000	131353	cg30_TapAfter0000	132440	arc_length	200	0.03379640979	0.6352567045	35.36234125	1473626.49	27343741.09	9.731697275	0.01461261735	0.01461261735	0	38.9267891	0.2338540426
29	cg30_TapAfter0000	132440	-0.000179394634	0.03756699012	-0.03766262753	1.306239293e-05	0.0008613990242	0.01206718839	0.03191884171	-0.009764651469	0.0005942177159	0.01136779148	0.5546801554	31.31819854	4234598.986	79697590.61	24.775891	0.01816890835	0.01816890835	0	56.599468	1.708921878	|	cg30_TapBefore_0000	131353	cg30_TapAfter0000	132440	arc_length	200	0.03379640979	0.6352567045	35.36234125	1473626.49	27343741.09	10.05608718	-0.0228043145	0.0228043145	0	39.25117901	0.2497039556
29	cg30_TapAfter0000	132440	-0.000179394634	0.03756699012	-0.03766262753	1.306239293e-05	0.0008613990242	0.01206718839	0.03191884171	-0.009764651469	0.0005942177159	0.01136779148	0.5546801554	31.31819854	4234598.986	79697590.61	25.64777	0.06299554056	0.06299554056	0	57.471347	1.838173744	|	cg30_TapBefore_0000	131353	cg30_TapAfter0000	132440	arc_length	200	0.03379640979	0.6352567045	35.36234125	1473626.49	27343741.09	10.38047709	-0.04359631813	0.04359631813	0	39.57556892	0.2660734977
29	cg30_TapAfter0000	132440	-0.000179394634	0.03756699012	-0.03766262753	1.306239293e-05	0.0008613990242	0.01206718839	0.03191884171	-0.009764651469	0.0005942177159	0.01136779148	0.5546801554	31.31819854	4234598.986	79697590.61	26.374335	-0.03285157267	0.03285157267	0	58.488539	1.994900749	|	cg30_TapBefore_0000	131353	cg30_TapAfter0000	132440	arc_length	200	0.03379640979	0.6352567045	35.36234125	1473626.49	27343741.09	10.704867	-0.05168694817	0.05168694817	0	39.89995883	0.2829626623
29	cg30_TapAfter0000	132440	-0.000179394634	0.03756699012	-0.03766262753	1.306239293e-05	0.0008613990242	0.01206718839	0.03191884171	-0.009764651469	0.0005942177159	0.01136779148	0.5546801554	31.31819854	4234598.986	79697590.61	27.100901	-0.05604271782	0.05604271782	0	59.360418	2.134319569	|	cg30_TapBefore_0000	131353	cg30_TapAfter0000	132440	arc_length	200	0.03379640979	0.6352567045	35.36234125	1473626.49	27343741.09	11.02925691	-0.05977757822	0.05977757822	0	40.22434874	0.300371442
29	cg30_TapAfter0000	132440	-0.000179394634	0.03756699012	-0.03766262753	1.306239293e-05	0.0008613990242	0.01206718839	0.03191884171	-0.009764651469	0.0005942177159	0.01136779148	0.5546801554	31.31819854	4234598.986	79697590.61	27.75481	-0.004258735683	0.004258735683	0	60.232297	2.278424541	|	cg30_TapBefore_0000	131353	cg30_TapAfter0000	132440	arc_length	200	0.03379640979	0.6352567045	35.36234125	1473626.49	27343741.09	11.35364682	-0.01675381258	0.01675381258	0	40.54873865	0.3182998288
29	cg30_TapAfter0000	132440	-0.000179394634	0.03756699012	-0.03766262753	1.306239293e-05	0.0008613990242	0.01206718839	0.03191884171	-0.009764651469	0.0005942177159	0.01136779148	0.5546801554	31.31819854	4234598.986	79697590.61	28.408719	-0.02513075355	0.02513075355	0	61.104176	2.427211108	|	cg30_TapBefore_0000	131353	cg30_TapAfter0000	132440	arc_length	200	0.03379640979	0.6352567045	35.36234125	1473626.49	27343741.09	11.67803673	0.03329660436	0.03329660436	0	40.87312856	0.3367478138
29	cg30_TapAfter0000	132440	-0.000179394634	0.03756699012	-0.03766262753	1.306239293e-05	0.0008613990242	0.01206718839	0.03191884171	-0.009764651469	0.0005942177159	0.01136779148	0.5546801554	31.31819854	4234598.986	79697590.61	29.207941	0.02201600594	0.02201600594	0	62.194024	2.619769987	|	cg30_TapBefore_0000	131353	cg30_TapAfter0000	132440	arc_length	200	0.03379640979	0.6352567045	35.36234125	1473626.49	27343741.09	12.00242664	0.06154512738	0.06154512738	0	41.19751846	0.3557153875
29	cg30_TapAfter0000	132440	-0.000179394634	0.03756699012	-0.03766262753	1.306239293e-05	0.0008613990242	0.01206718839	0.03191884171	-0.009764651469	0.0005942177159	0.01136779148	0.5546801554	31.31819854	4234598.986	79697590.61	30.007164	-0.00349426649	0.00349426649	0	63.501842	2.860470704	|	cg30_TapBefore_0000	131353	cg30_TapAfter0000	132440	arc_length	200	0.03379640979	0.6352567045	35.36234125	1473626.49	27343741.09	12.32681655	0.05345449733	0.05345449733	0	41.52190837	0.3752025396
29	cg30_TapAfter0000	132440	-0.000179394634	0.03756699012	-0.03766262753	1.306239293e-05	0.0008613990242	0.01206718839	0.03191884171	-0.009764651469	0.0005942177159	0.01136779148	0.5546801554	31.31819854	4234598.986	79697590.61	30.733729	0.04597062028	0.04597062028	0	64.446378	3.040832532	|	cg30_TapBefore_0000	131353	cg30_TapAfter0000	132440	arc_length	200	0.03379640979	0.6352567045	35.36234125	1473626.49	27343741.09	12.65120646	0.04536386729	0.04536386729	0	41.84629828	0.3952092587
29	cg30_TapAfter0000	132440	-0.000179394634	0.03756699012	-0.03766262753	1.306239293e-05	0.0008613990242	0.01206718839	0.03191884171	-0.009764651469	0.0005942177159	0.01136779148	0.5546801554	31.31819854	4234598.986	79697590.61	31.605608	0.01814125249	0.01814125249	0	nan	nan	|	cg30_TapBefore_0000	131353	cg30_TapAfter0000	132440	arc_length	200	0.03379640979	0.6352567045	35.36234125	1473626.49	27343741.09	12.97559637	0.03727323725	0.03727323725	0	42.17068819	0.4157355326
29	cg30_TapAfter0000	132440	-0.000179394634	0.03756699012	-0.03766262753	1.306239293e-05	0.0008613990242	0.01206718839	0.03191884171	-0.009764651469	0.0005942177159	0.01136779148	0.5546801554	31.31819854	4234598.986	79697590.61	32.332174	-0.00504989266	0.00504989266	0	nan	nan	|	cg30_TapBefore_0000	131353	cg30_TapAfter0000	132440	arc_length	200	0.03379640979	0.6352567045	35.36234125	1473626.49	27343741.09	13.29998628	0.02918260721	0.02918260721	0	42.4950781	0.4367813482
29	cg30_TapAfter0000	132440	-0.000179394634	0.03756699012	-0.03766262753	1.306239293e-05	0.0008613990242	0.01206718839	0.03191884171	-0.009764651469	0.0005942177159	0.01136779148	0.5546801554	31.31819854	4234598.986	79697590.61	33.131396	0.04209686683	0.04209686683	0	nan	nan	|	cg30_TapBefore_0000	131353	cg30_TapAfter0000	132440	arc_length	200	0.03379640979	0.6352567045	35.36234125	1473626.49	27343741.09	13.62437619	0.02109197717	0.02109197717	0	42.81946801	0.4583466912
29	cg30_TapAfter0000	132440	-0.000179394634	0.03756699012	-0.03766262753	1.306239293e-05	0.0008613990242	0.01206718839	0.03191884171	-0.009764651469	0.0005942177159	0.01136779148	0.5546801554	31.31819854	4234598.986	79697590.61	33.930619	-0.0560704056	0.0560704056	9.218414457e-06	nan	nan	|	cg30_TapBefore_0000	131353	cg30_TapAfter0000	132440	arc_length	200	0.03379640979	0.6352567045	35.36234125	1473626.49	27343741.09	13.94876609	0.01300134712	0.01300134712	0	43.14385792	0.4804315465
29	cg30_TapAfter0000	132440	-0.000179394634	0.03756699012	-0.03766262753	1.306239293e-05	0.0008613990242	0.01206718839	0.03191884171	-0.009764651469	0.0005942177159	0.01136779148	0.5546801554	31.31819854	4234598.986	79697590.61	34.657184	-0.07926151883	0.07926151883	6.414087708e-05	nan	nan	|	cg30_TapBefore_0000	131353	cg30_TapAfter0000	132440	arc_length	200	0.03379640979	0.6352567045	35.36234125	1473626.49	27343741.09	14.273156	0.005067963226	0.005067963226	0	43.46824783	0.5030358974
29	cg30_TapAfter0000	132440	-0.000179394634	0.03756699012	-0.03766262753	1.306239293e-05	0.0008613990242	0.01206718839	0.03191884171	-0.009764651469	0.0005942177159	0.01136779148	0.5546801554	31.31819854	4234598.986	79697590.61	35.311093	-0.1001335367	0.1001335367	0.0001869996049	nan	nan	|	cg30_TapBefore_0000	131353	cg30_TapAfter0000	132440	arc_length	200	0.03379640979	0.6352567045	35.36234125	1473626.49	27343741.09	14.59754591	-0.01488608956	0.01488608956	0	43.79263774	0.5261597266
29	cg30_TapAfter0000	132440	-0.000179394634	0.03756699012	-0.03766262753	1.306239293e-05	0.0008613990242	0.01206718839	0.03191884171	-0.009764651469	0.0005942177159	0.01136779148	0.5546801554	31.31819854	4234598.986	79697590.61	36.110316	-0.05298680913	0.05298680913	0.0004773411007	nan	nan	|	cg30_TapBefore_0000	131353	cg30_TapAfter0000	132440	arc_length	200	0.03379640979	0.6352567045	35.36234125	1473626.49	27343741.09	14.92193582	-0.05206298675	0.05206298675	0	44.11702765	0.549803015
29	cg30_TapAfter0000	132440	-0.000179394634	0.03756699012	-0.03766262753	1.306239293e-05	0.0008613990242	0.01206718839	0.03191884171	-0.009764651469	0.0005942177159	0.01136779148	0.5546801554	31.31819854	4234598.986	79697590.61	36.909538	-0.005840049637	0.005840049637	0.0009738389473	nan	nan	|	cg30_TapBefore_0000	131353	cg30_TapAfter0000	132440	arc_length	200	0.03379640979	0.6352567045	35.36234125	1473626.49	27343741.09	15.24632573	-0.06630558826	0.06630558826	0	44.44141756	0.5739657426
29	cg30_TapAfter0000	132440	-0.000179394634	0.03756699012	-0.03766262753	1.306239293e-05	0.0008613990242	0.01206718839	0.03191884171	-0.009764651469	0.0005942177159	0.01136779148	0.5546801554	31.31819854	4234598.986	79697590.61	37.636104	-0.02903119478	0.02903119478	0.001650639539	nan	nan	|	cg30_TapBefore_0000	131353	cg30_TapAfter0000	132440	arc_length	200	0.03379640979	0.6352567045	35.36234125	1473626.49	27343741.09	15.57071564	-0.01377210455	0.01377210455	0	44.76580747	0.598647888
29	cg30_TapAfter0000	132440	-0.000179394634	0.03756699012	-0.03766262753	1.306239293e-05	0.0008613990242	0.01206718839	0.03191884171	-0.009764651469	0.0005942177159	0.01136779148	0.5546801554	31.31819854	4234598.986	79697590.61	38.362669	-0.05222230801	0.05222230801	0.002585082834	nan	nan	|	cg30_TapBefore_0000	131353	cg30_TapAfter0000	132440	arc_length	200	0.03379640979	0.6352567045	35.36234125	1473626.49	27343741.09	15.89510555	0.02708366558	0.02708366558	0	45.09019737	0.6238494281
29	cg30_TapAfter0000	132440	-0.000179394634	0.03756699012	-0.03766262753	1.306239293e-05	0.0008613990242	0.01206718839	0.03191884171	-0.009764651469	0.0005942177159	0.01136779148	0.5546801554	31.31819854	4234598.986	79697590.61	39.016578	-0.07309432588	0.07309432588	0.00368071341	nan	nan	|	cg30_TapBefore_0000	131353	cg30_TapAfter0000	132440	arc_length	200	0.03379640979	0.6352567045	35.36234125	1473626.49	27343741.09	16.21949546	0.008930336977	0.008930336977	0	45.41458728	0.6495703386
29	cg30_TapAfter0000	132440	-0.000179394634	0.03756699012	-0.03766262753	1.306239293e-05	0.0008613990242	0.01206718839	0.03191884171	-0.009764651469	0.0005942177159	0.01136779148	0.5546801554	31.31819854	4234598.986	79697590.61	39.815801	-0.09860459831	0.09860459831	0.005393126109	nan	nan	|	cg30_TapBefore_0000	131353	cg30_TapAfter0000	132440	arc_length	200	0.03379640979	0.6352567045	35.36234125	1473626.49	27343741.09	16.54388537	-0.02760614322	0.02760614322	0	45.73897719	0.6758105936
29	cg30_TapAfter0000	132440	-0.000179394634	0.03756699012	-0.03766262753	1.306239293e-05	0.0008613990242	0.01206718839	0.03191884171	-0.009764651469	0.0005942177159	0.01136779148	0.5546801554	31.31819854	4234598.986	79697590.61	40.542366	-0.1217957115	0.1217957115	0.007349833065	nan	nan	|	cg30_TapBefore_0000	131353	cg30_TapAfter0000	132440	arc_length	200	0.03379640979	0.6352567045	35.36234125	1473626.49	27343741.09	16.86827528	-0.02942833611	0.02942833611	0	46.0633671	0.7025701656
29	cg30_TapAfter0000	132440	-0.000179394634	0.03756699012	-0.03766262753	1.306239293e-05	0.0008613990242	0.01206718839	0.03191884171	-0.009764651469	0.0005942177159	0.01136779148	0.5546801554	31.31819854	4234598.986	79697590.61	41.341589	-0.07464998397	0.07464998397	0.009993380154	nan	nan	|	cg30_TapBefore_0000	131353	cg30_TapAfter0000	132440	arc_length	200	0.03379640979	0.6352567045	35.36234125	1473626.49	27343741.09	17.19266519	-0.008193995939	0.008193995939	0	46.38775701	0.7298490253
29	cg30_TapAfter0000	132440	-0.000179394634	0.03756699012	-0.03766262753	1.306239293e-05	0.0008613990242	0.01206718839	0.03191884171	-0.009764651469	0.0005942177159	0.01136779148	0.5546801554	31.31819854	4234598.986	79697590.61	42.068154	-0.0978410972	0.0978410972	0.01288820106	nan	nan	|	cg30_TapBefore_0000	131353	cg30_TapAfter0000	132440	arc_length	200	0.03379640979	0.6352567045	35.36234125	1473626.49	27343741.09	17.5170551	-0.003211205554	0.003211205554	0	46.71214692	0.7576471418
29	cg30_TapAfter0000	132440	-0.000179394634	0.03756699012	-0.03766262753	1.306239293e-05	0.0008613990242	0.01206718839	0.03191884171	-0.009764651469	0.0005942177159	0.01136779148	0.5546801554	31.31819854	4234598.986	79697590.61	42.867377	-0.1233513696	0.1233513696	0.01666446834	nan	nan	|	cg30_TapBefore_0000	131353	cg30_TapAfter0000	132440	arc_length	200	0.03379640979	0.6352567045	35.36234125	1473626.49	27343741.09	17.841445	-0.0113018356	0.0113018356	0	47.03653683	0.7859644825
29	cg30_TapAfter0000	132440	-0.000179394634	0.03756699012	-0.03766262753	1.306239293e-05	0.0008613990242	0.01206718839	0.03191884171	-0.009764651469	0.0005942177159	0.01136779148	0.5546801554	31.31819854	4234598.986	79697590.61	43.593942	-0.1465424829	0.1465424829	0.02068066267	nan	nan	|	cg30_TapBefore_0000	131353	cg30_TapAfter0000	132440	arc_length	200	0.03379640979	0.6352567045	35.36234125	1473626.49	27343741.09	18.16583491	-0.01939246564	0.01939246564	0	47.36092674	0.8148010127
29	cg30_TapAfter0000	132440	-0.000179394634	0.03756699012	-0.03766262753	1.306239293e-05	0.0008613990242	0.01206718839	0.03191884171	-0.009764651469	0.0005942177159	0.01136779148	0.5546801554	31.31819854	4234598.986	79697590.61	44.320508	-0.169733628	0.169733628	0.02529526145	nan	nan	|	cg30_TapBefore_0000	131353	cg30_TapAfter0000	132440	arc_length	200	0.03379640979	0.6352567045	35.36234125	1473626.49	27343741.09	18.49022482	-0.02748309568	0.02748309568	0	47.68531665	0.8441566959
29	cg30_TapAfter0000	132440	-0.000179394634	0.03756699012	-0.03766262753	1.306239293e-05	0.0008613990242	0.01206718839	0.03191884171	-0.009764651469	0.0005942177159	0.01136779148	0.5546801554	31.31819854	4234598.986	79697590.61	45.11973	-0.1952438685	0.1952438685	0.03111206315	nan	nan	|	cg30_TapBefore_0000	131353	cg30_TapAfter0000	132440	arc_length	200	0.03379640979	0.6352567045	35.36234125	1473626.49	27343741.09	18.81461473	-0.03557372572	0.03557372572	0	48.00970656	0.8740314935
29	cg30_TapAfter0000	132440	-0.000179394634	0.03756699012	-0.03766262753	1.306239293e-05	0.0008613990242	0.01206718839	0.03191884171	-0.009764651469	0.0005942177159	0.01136779148	0.5546801554	31.31819854	4234598.986	79697590.61	45.846296	-0.1457780137	0.1457780137	0.03711856313	nan	nan	|	cg30_TapBefore_0000	131353	cg30_TapAfter0000	132440	arc_length	200	0.03379640979	0.6352567045	35.36234125	1473626.49	27343741.09	19.13900464	-0.04366435576	0.04366435576	0	48.33409647	0.904425365
29	cg30_TapAfter0000	132440	-0.000179394634	0.03756699012	-0.03766262753	1.306239293e-05	0.0008613990242	0.01206718839	0.03191884171	-0.009764651469	0.0005942177159	0.01136779148	0.5546801554	31.31819854	4234598.986	79697590.61	46.645518	-0.1712882542	0.1712882542	0.04456724776	nan	nan	|	cg30_TapBefore_0000	131353	cg30_TapAfter0000	132440	arc_length	200	0.03379640979	0.6352567045	35.36234125	1473626.49	27343741.09	19.46339455	-0.05175498581	0.05175498581	0	48.65848638	0.9353382676
29	cg30_TapAfter0000	132440	-0.000179394634	0.03756699012	-0.03766262753	1.306239293e-05	0.0008613990242	0.01206718839	0.03191884171	-0.009764651469	0.0005942177159	0.01136779148	0.5546801554	31.31819854	4234598.986	79697590.61	47.372084	-0.1944793993	0.1944793993	0.05214890865	nan	nan	|	cg30_TapBefore_0000	131353	cg30_TapAfter0000	132440	arc_length	200	0.03379640979	0.6352567045	35.36234125	1473626.49	27343741.09	19.78778446	-0.05396777322	0.05396777322	0	48.98287628	0.9667701563
29	cg30_TapAfter0000	132440	-0.000179394634	0.03756699012	-0.03766262753	1.306239293e-05	0.0008613990242	0.01206718839	0.03191884171	-0.009764651469	0.0005942177159	0.01136779148	0.5546801554	31.31819854	4234598.986	79697590.61	48.171306	-0.1473336398	0.1473336398	0.06143106177	nan	nan	|	cg30_TapBefore_0000	131353	cg30_TapAfter0000	132440	arc_length	200	0.03379640979	0.6352567045	35.36234125	1473626.49	27343741.09	20.11217437	-0.02619697278	0.02619697278	0	49.30726619	0.9987209838
29	cg30_TapAfter0000	132440	-0.000179394634	0.03756699012	-0.03766262753	1.306239293e-05	0.0008613990242	0.01206718839	0.03191884171	-0.009764651469	0.0005942177159	0.01136779148	0.5546801554	31.31819854	4234598.986	79697590.61	48.897872	-0.170524785	0.170524785	0.0707711433	nan	nan	|	cg30_TapBefore_0000	131353	cg30_TapAfter0000	132440	arc_length	200	0.03379640979	0.6352567045	35.36234125	1473626.49	27343741.09	20.43656428	-0.003292111435	0.003292111435	0	49.6316561	1.0311907
29	cg30_TapAfter0000	132440	-0.000179394634	0.03756699012	-0.03766262753	1.306239293e-05	0.0008613990242	0.01206718839	0.03191884171	-0.009764651469	0.0005942177159	0.01136779148	0.5546801554	31.31819854	4234598.986	79697590.61	49.551781	-0.1913968028	0.1913968028	0.07994702663	nan	nan	|	cg30_TapBefore_0000	131353	cg30_TapAfter0000	132440	arc_length	200	0.03379640979	0.6352567045	35.36234125	1473626.49	27343741.09	20.76095419	-0.01138274148	0.01138274148	0	49.95604601	1.064179254
29	cg30_TapAfter0000	132440	-0.000179394634	0.03756699012	-0.03766262753	1.306239293e-05	0.0008613990242	0.01206718839	0.03191884171	-0.009764651469	0.0005942177159	0.01136779148	0.5546801554	31.31819854	4234598.986	79697590.61	50.278347	-0.214587948	0.214587948	0.09103597122	nan	nan	|	cg30_TapBefore_0000	131353	cg30_TapAfter0000	132440	arc_length	200	0.03379640979	0.6352567045	35.36234125	1473626.49	27343741.09	21.0853441	-0.01947337152	0.01947337152	0	50.28043592	1.09768659
29	cg30_TapAfter0000	132440	-0.000179394634	0.03756699012	-0.03766262753	1.306239293e-05	0.0008613990242	0.01206718839	0.03191884171	-0.009764651469	0.0005942177159	0.01136779148	0.5546801554	31.31819854	4234598.986	79697590.61	51.004912	-0.2377790612	0.2377790612	0.1031056085	nan	nan	|	cg30_TapBefore_0000	131353	cg30_TapAfter0000	132440	arc_length	200	0.03379640979	0.6352567045	35.36234125	1473626.49	27343741.09	21.40973401	-0.02756400156	0.02756400156	0	50.60482583	1.131712651
29	cg30_TapAfter0000	132440	-0.000179394634	0.03756699012	-0.03766262753	1.306239293e-05	0.0008613990242	0.01206718839	0.03191884171	-0.009764651469	0.0005942177159	0.01136779148	0.5546801554	31.31819854	4234598.986	79697590.61	51.731478	-0.1883132064	0.1883132064	0.1161975272	nan	nan	|	cg30_TapBefore_0000	131353	cg30_TapAfter0000	132440	arc_length	200	0.03379640979	0.6352567045	35.36234125	1473626.49	27343741.09	21.73412391	-0.0356546316	0.0356546316	0	50.92921574	1.166257377
29	cg30_TapAfter0000	132440	-0.000179394634	0.03756699012	-0.03766262753	1.306239293e-05	0.0008613990242	0.01206718839	0.03191884171	-0.009764651469	0.0005942177159	0.01136779148	0.5546801554	31.31819854	4234598.986	79697590.61	52.5307	-0.2138234469	0.2138234469	0.1318289387	nan	nan	|	cg30_TapBefore_0000	131353	cg30_TapAfter0000	132440	arc_length	200	0.03379640979	0.6352567045	35.36234125	1473626.49	27343741.09	22.05851382	-0.02254789225	0.02254789225	0	51.25360565	1.201320705
29	cg30_TapAfter0000	132440	-0.000179394634	0.03756699012	-0.03766262753	1.306239293e-05	0.0008613990242	0.01206718839	0.03191884171	-0.009764651469	0.0005942177159	0.01136779148	0.5546801554	31.31819854	4234598.986	79697590.61	53.18461	-0.2346954967	0.2346954967	0.1456143832	nan	nan	|	cg30_TapBefore_0000	131353	cg30_TapAfter0000	132440	arc_length	200	0.03379640979	0.6352567045	35.36234125	1473626.49	27343741.09	22.38290373	0.001669326915	0.001669326915	0	51.57799556	1.236902569
29	cg30_TapAfter0000	132440	-0.000179394634	0.03756699012	-0.03766262753	1.306239293e-05	0.0008613990242	0.01206718839	0.03191884171	-0.009764651469	0.0005942177159	0.01136779148	0.5546801554	31.31819854	4234598.986	79697590.61	53.911175	-0.1852306099	0.1852306099	0.1620224081	nan	nan	|	cg30_TapBefore_0000	131353	cg30_TapAfter0000	132440	arc_length	200	0.03379640979	0.6352567045	35.36234125	1473626.49	27343741.09	22.70729364	0.01279725645	0.01279725645	0	51.90238547	1.273002902
29	cg30_TapAfter0000	132440	-0.000179394634	0.03756699012	-0.03766262753	1.306239293e-05	0.0008613990242	0.01206718839	0.03191884171	-0.009764651469	0.0005942177159	0.01136779148	0.5546801554	31.31819854	4234598.986	79697590.61	54.783054	-0.2130599777	0.2130599777	0.1832845194	nan	nan	|	cg30_TapBefore_0000	131353	cg30_TapAfter0000	132440	arc_length	200	0.03379640979	0.6352567045	35.36234125	1473626.49	27343741.09	23.03168355	0.004706626407	0.004706626407	0	52.22677538	1.309621631
29	cg30_TapAfter0000	132440	-0.000179394634	0.03756699012	-0.03766262753	1.306239293e-05	0.0008613990242	0.01206718839	0.03191884171	-0.009764651469	0.0005942177159	0.01136779148	0.5546801554	31.31819854	4234598.986	79697590.61	55.654933	-0.2408893455	0.2408893455	0.2063298599	nan	nan	|	cg30_TapBefore_0000	131353	cg30_TapAfter0000	132440	arc_length	200	0.03379640979	0.6352567045	35.36234125	1473626.49	27343741.09	23.35607346	-0.003384003635	0.003384003635	0	52.55116529	1.346758681
29	cg30_TapAfter0000	132440	-0.000179394634	0.03756699012	-0.03766262753	1.306239293e-05	0.0008613990242	0.01206718839	0.03191884171	-0.009764651469	0.0005942177159	0.01136779148	0.5546801554	31.31819854	4234598.986	79697590.61	56.599468	-0.2710378086	0.2710378086	0.2333912368	nan	nan	|	cg30_TapBefore_0000	131353	cg30_TapAfter0000	132440	arc_length	200	0.03379640979	0.6352567045	35.36234125	1473626.49	27343741.09	23.68046337	-0.01147463368	0.01147463368	0	52.87555519	1.384413975
29	cg30_TapAfter0000	132440	-0.000179394634	0.03756699012	-0.03766262753	1.306239293e-05	0.0008613990242	0.01206718839	0.03191884171	-0.009764651469	0.0005942177159	0.01136779148	0.5546801554	31.31819854	4234598.986	79697590.61	57.471347	-0.2988671764	0.2988671764	0.2603822697	nan	nan	|	cg30_TapBefore_0000	131353	cg30_TapAfter0000	132440	arc_length	200	0.03379640979	0.6352567045	35.36234125	1473626.49	27343741.09	24.00485328	-0.01956526372	0.01956526372	0	53.1999451	1.422587431
29	cg30_TapAfter0000	132440	-0.000179394634	0.03756699012	-0.03766262753	1.306239293e-05	0.0008613990242	0.01206718839	0.03191884171	-0.009764651469	0.0005942177159	0.01136779148	0.5546801554	31.31819854	4234598.986	79697590.61	58.488539	-0.3313347669	0.3313347669	0.2944104825	nan	nan	|	cg30_TapBefore_0000	131353	cg30_TapAfter0000	132440	arc_length	200	0.03379640979	0.6352567045	35.36234125	1473626.49	27343741.09	24.32924319	-0.004989015685	0.004989015685	0	53.52433501	1.461278965
29	cg30_TapAfter0000	132440	-0.000179394634	0.03756699012	-0.03766262753	1.306239293e-05	0.0008613990242	0.01206718839	0.03191884171	-0.009764651469	0.0005942177159	0.01136779148	0.5546801554	31.31819854	4234598.986	79697590.61	59.360418	-0.3591641347	0.3591641347	0.3258356518	nan	nan	|	cg30_TapBefore_0000	131353	cg30_TapAfter0000	132440	arc_length	200	0.03379640979	0.6352567045	35.36234125	1473626.49	27343741.09	24.6536331	0.0192286443	0.0192286443	0	53.84872492	1.500488488
29	cg30_TapAfter0000	132440	-0.000179394634	0.03756699012	-0.03766262753	1.306239293e-05	0.0008613990242	0.01206718839	0.03191884171	-0.009764651469	0.0005942177159	0.01136779148	0.5546801554	31.31819854	4234598.986	79697590.61	60.232297	-0.3143365025	0.3143365025	0.3594210418	nan	nan	|	cg30_TapBefore_0000	131353	cg30_TapAfter0000	132440	arc_length	200	0.03379640979	0.6352567045	35.36234125	1473626.49	27343741.09	24.97802301	0.04103558107	0.04103558107	0	54.17311483	1.540215909
29	cg30_TapAfter0000	132440	-0.000179394634	0.03756699012	-0.03766262753	1.306239293e-05	0.0008613990242	0.01206718839	0.03191884171	-0.009764651469	0.0005942177159	0.01136779148	0.5546801554	31.31819854	4234598.986	79697590.61	61.104176	-0.3421658703	0.3421658703	0.3952384602	nan	nan	|	cg30_TapBefore_0000	131353	cg30_TapAfter0000	132440	arc_length	200	0.03379640979	0.6352567045	35.36234125	1473626.49	27343741.09	25.30241292	0.05990341839	0.05990341839	0	54.49750474	1.580461132
29	cg30_TapAfter0000	132440	-0.000179394634	0.03756699012	-0.03766262753	1.306239293e-05	0.0008613990242	0.01206718839	0.03191884171	-0.009764651469	0.0005942177159	0.01136779148	0.5546801554	31.31819854	4234598.986	79697590.61	62.194024	-0.3769525561	0.3769525561	0.4432583837	nan	nan	|	cg30_TapBefore_0000	131353	cg30_TapAfter0000	132440	arc_length	200	0.03379640979	0.6352567045	35.36234125	1473626.49	27343741.09	25.62680282	0.0787712557	0.0787712557	0	54.82189465	1.621224057
29	cg30_TapAfter0000	132440	-0.000179394634	0.03756699012	-0.03766262753	1.306239293e-05	0.0008613990242	0.01206718839	0.03191884171	-0.009764651469	0.0005942177159	0.01136779148	0.5546801554	31.31819854	4234598.986	79697590.61	63.501842	-0.4186965918	0.4186965918	0.5058314391	nan	nan	|	cg30_TapBefore_0000	131353	cg30_TapAfter0000	132440	arc_length	200	0.03379640979	0.6352567045	35.36234125	1473626.49	27343741.09	25.95119273	0.05303937051	0.05303937051	0	55.14628456	1.662504582
29	cg30_TapAfter0000	132440	-0.000179394634	0.03756699012	-0.03766262753	1.306239293e-05	0.0008613990242	0.01206718839	0.03191884171	-0.009764651469	0.0005942177159	0.01136779148	0.5546801554	31.31819854	4234598.986	79697590.61	64.446378	-0.4488450869	0.4488450869	0.5545092672	nan	nan	|	cg30_TapBefore_0000	131353	cg30_TapAfter0000	132440	arc_length	200	0.03379640979	0.6352567045	35.36234125	1473626.49	27343741.09	26.27558264	0.0127211506	0.0127211506	0	55.47067447	1.7043026
29	nan	nan	nan	nan	nan	nan	nan	nan	nan	nan	nan	nan	nan	nan	nan	nan	nan	nan	nan	nan	nan	nan	|	cg30_TapBefore_0000	131353	cg30_TapAfter0000	132440	arc_length	200	0.03379640979	0.6352567045	35.36234125	1473626.49	27343741.09	26.59997255	-0.01139977013	0.01139977013	0	55.79506438	1.746617999
29	nan	nan	nan	nan	nan	nan	nan	nan	nan	nan	nan	nan	nan	nan	nan	nan	nan	nan	nan	nan	nan	nan	|	cg30_TapBefore_0000	131353	cg30_TapAfter0000	132440	arc_length	200	0.03379640979	0.6352567045	35.36234125	1473626.49	27343741.09	26.92436246	-0.01949040017	0.01949040017	0	56.11945429	1.789450665
29	nan	nan	nan	nan	nan	nan	nan	nan	nan	nan	nan	nan	nan	nan	nan	nan	nan	nan	nan	nan	nan	nan	|	cg30_TapBefore_0000	131353	cg30_TapAfter0000	132440	arc_length	200	0.03379640979	0.6352567045	35.36234125	1473626.49	27343741.09	27.24875237	-0.01815681605	0.01815681605	0	56.4438442	1.832800476
29	nan	nan	nan	nan	nan	nan	nan	nan	nan	nan	nan	nan	nan	nan	nan	nan	nan	nan	nan	nan	nan	nan	|	cg30_TapBefore_0000	131353	cg30_TapAfter0000	132440	arc_length	200	0.03379640979	0.6352567045	35.36234125	1473626.49	27343741.09	27.57314228	0.009613496155	0.009613496155	0	56.7682341	1.876667311
29	nan	nan	nan	nan	nan	nan	nan	nan	nan	nan	nan	nan	nan	nan	nan	nan	nan	nan	nan	nan	nan	nan	|	cg30_TapBefore_0000	131353	cg30_TapAfter0000	132440	arc_length	200	0.03379640979	0.6352567045	35.36234125	1473626.49	27343741.09	27.89753219	0.02897147176	0.02897147176	0	57.09262401	1.921051039
29	nan	nan	nan	nan	nan	nan	nan	nan	nan	nan	nan	nan	nan	nan	nan	nan	nan	nan	nan	nan	nan	nan	|	cg30_TapBefore_0000	131353	cg30_TapAfter0000	132440	arc_length	200	0.03379640979	0.6352567045	35.36234125	1473626.49	27343741.09	28.2219221	0.02088084172	0.02088084172	0	57.41701392	1.965951528
29	nan	nan	nan	nan	nan	nan	nan	nan	nan	nan	nan	nan	nan	nan	nan	nan	nan	nan	nan	nan	nan	nan	|	cg30_TapBefore_0000	131353	cg30_TapAfter0000	132440	arc_length	200	0.03379640979	0.6352567045	35.36234125	1473626.49	27343741.09	28.54631201	0.01922056295	0.01922056295	0	57.74140383	2.011368639
29	nan	nan	nan	nan	nan	nan	nan	nan	nan	nan	nan	nan	nan	nan	nan	nan	nan	nan	nan	nan	nan	nan	|	cg30_TapBefore_0000	131353	cg30_TapAfter0000	132440	arc_length	200	0.03379640979	0.6352567045	35.36234125	1473626.49	27343741.09	28.87070192	0.04087211649	0.04087211649	0	58.06579374	2.057302232
29	nan	nan	nan	nan	nan	nan	nan	nan	nan	nan	nan	nan	nan	nan	nan	nan	nan	nan	nan	nan	nan	nan	|	cg30_TapBefore_0000	131353	cg30_TapAfter0000	132440	arc_length	200	0.03379640979	0.6352567045	35.36234125	1473626.49	27343741.09	29.19509183	0.05232557129	0.05232557129	0	58.39018365	2.103752157
29	nan	nan	nan	nan	nan	nan	nan	nan	nan	nan	nan	nan	nan	nan	nan	nan	nan	nan	nan	nan	nan	nan	|	cg30_TapBefore_0000	131353	cg30_TapAfter0000	132440	arc_length	200	0.03379640979	0.6352567045	35.36234125	1473626.49	27343741.09	29.51948173	0.02289895238	0.02289895238	4.903749005e-07	58.71457356	2.150718263
29	nan	nan	nan	nan	nan	nan	nan	nan	nan	nan	nan	nan	nan	nan	nan	nan	nan	nan	nan	nan	nan	nan	|	cg30_TapBefore_0000	131353	cg30_TapAfter0000	132440	arc_length	200	0.03379640979	0.6352567045	35.36234125	1473626.49	27343741.09	29.84387164	-0.0153433452	0.0153433452	3.922999204e-06	59.03896347	2.198200391
29	nan	nan	nan	nan	nan	nan	nan	nan	nan	nan	nan	nan	nan	nan	nan	nan	nan	nan	nan	nan	nan	nan	|	cg30_TapBefore_0000	131353	cg30_TapAfter0000	132440	arc_length	200	0.03379640979	0.6352567045	35.36234125	1473626.49	27343741.09	30.16826155	-0.01842686594	0.01842686594	1.324012231e-05	59.36335338	2.246198379
29	nan	nan	nan	nan	nan	nan	nan	nan	nan	nan	nan	nan	nan	nan	nan	nan	nan	nan	nan	nan	nan	nan	|	cg30_TapBefore_0000	131353	cg30_TapAfter0000	132440	arc_length	200	0.03379640979	0.6352567045	35.36234125	1473626.49	27343741.09	30.49265146	0.005694639375	0.005694639375	3.138399363e-05	59.68774329	2.294712059
29	nan	nan	nan	nan	nan	nan	nan	nan	nan	nan	nan	nan	nan	nan	nan	nan	nan	nan	nan	nan	nan	nan	|	cg30_TapBefore_0000	131353	cg30_TapAfter0000	132440	arc_length	200	0.03379640979	0.6352567045	35.36234125	1473626.49	27343741.09	30.81704137	0.02893917894	0.02893917894	6.129686257e-05	60.0121332	2.343741256
29	nan	nan	nan	nan	nan	nan	nan	nan	nan	nan	nan	nan	nan	nan	nan	nan	nan	nan	nan	nan	nan	nan	|	cg30_TapBefore_0000	131353	cg30_TapAfter0000	132440	arc_length	200	0.03379640979	0.6352567045	35.36234125	1473626.49	27343741.09	31.14143128	0.0208485489	0.0208485489	0.0001059209785	60.33652311	2.393285792
29	nan	nan	nan	nan	nan	nan	nan	nan	nan	nan	nan	nan	nan	nan	nan	nan	nan	nan	nan	nan	nan	nan	|	cg30_TapBefore_0000	131353	cg30_TapAfter0000	132440	arc_length	200	0.03379640979	0.6352567045	35.36234125	1473626.49	27343741.09	31.46582119	0.01275791886	0.01275791886	0.0001681985909	60.66091301	2.443345482
29	nan	nan	nan	nan	nan	nan	nan	nan	nan	nan	nan	nan	nan	nan	nan	nan	nan	nan	nan	nan	nan	nan	|	cg30_TapBefore_0000	131353	cg30_TapAfter0000	132440	arc_length	200	0.03379640979	0.6352567045	35.36234125	1473626.49	27343741.09	31.7902111	0.004667288816	0.004667288816	0.0002510719491	60.98530292	2.493920133
29	nan	nan	nan	nan	nan	nan	nan	nan	nan	nan	nan	nan	nan	nan	nan	nan	nan	nan	nan	nan	nan	nan	|	cg30_TapBefore_0000	131353	cg30_TapAfter0000	132440	arc_length	200	0.03379640979	0.6352567045	35.36234125	1473626.49	27343741.09	32.11460101	-0.003423341226	0.003423341226	0.0003574833025	61.30969283	2.545009551
29	nan	nan	nan	nan	nan	nan	nan	nan	nan	nan	nan	nan	nan	nan	nan	nan	nan	nan	nan	nan	nan	nan	|	cg30_TapBefore_0000	131353	cg30_TapAfter0000	132440	arc_length	200	0.03379640979	0.6352567045	35.36234125	1473626.49	27343741.09	32.43899092	-0.008499243928	0.008499243928	0.0004903749005	61.63408274	2.596613531
29	nan	nan	nan	nan	nan	nan	nan	nan	nan	nan	nan	nan	nan	nan	nan	nan	nan	nan	nan	nan	nan	nan	|	cg30_TapBefore_0000	131353	cg30_TapAfter0000	132440	arc_length	200	0.03379640979	0.6352567045	35.36234125	1473626.49	27343741.09	32.76338083	0.01280328162	0.01280328162	0.0006526889926	61.95847265	2.648731864
29	nan	nan	nan	nan	nan	nan	nan	nan	nan	nan	nan	nan	nan	nan	nan	nan	nan	nan	nan	nan	nan	nan	|	cg30_TapBefore_0000	131353	cg30_TapAfter0000	132440	arc_length	200	0.03379640979	0.6352567045	35.36234125	1473626.49	27343741.09	33.08777074	0.03410580717	0.03410580717	0.0008473678281	62.28286256	2.701364337
29	nan	nan	nan	nan	nan	nan	nan	nan	nan	nan	nan	nan	nan	nan	nan	nan	nan	nan	nan	nan	nan	nan	|	cg30_TapBefore_0000	131353	cg30_TapAfter0000	132440	arc_length	200	0.03379640979	0.6352567045	35.36234125	1473626.49	27343741.09	33.41216064	0.01849494119	0.01849494119	0.001077353656	62.60725247	2.754510725
29	nan	nan	nan	nan	nan	nan	nan	nan	nan	nan	nan	nan	nan	nan	nan	nan	nan	nan	nan	nan	nan	nan	|	cg30_TapBefore_0000	131353	cg30_TapAfter0000	132440	arc_length	200	0.03379640979	0.6352567045	35.36234125	1473626.49	27343741.09	33.73655055	-0.01892235417	0.01892235417	0.001345588727	62.93164238	2.808170802
29	nan	nan	nan	nan	nan	nan	nan	nan	nan	nan	nan	nan	nan	nan	nan	nan	nan	nan	nan	nan	nan	nan	|	cg30_TapBefore_0000	131353	cg30_TapAfter0000	132440	arc_length	200	0.03379640979	0.6352567045	35.36234125	1473626.49	27343741.09	34.06094046	-0.05180271926	0.05180271926	0.001655015289	63.25603229	2.862344332
29	nan	nan	nan	nan	nan	nan	nan	nan	nan	nan	nan	nan	nan	nan	nan	nan	nan	nan	nan	nan	nan	nan	|	cg30_TapBefore_0000	131353	cg30_TapAfter0000	132440	arc_length	200	0.03379640979	0.6352567045	35.36234125	1473626.49	27343741.09	34.38533037	-0.0598933493	0.0598933493	0.002008575593	63.5804222	2.917031074
29	nan	nan	nan	nan	nan	nan	nan	nan	nan	nan	nan	nan	nan	nan	nan	nan	nan	nan	nan	nan	nan	nan	|	cg30_TapBefore_0000	131353	cg30_TapAfter0000	132440	arc_length	200	0.03379640979	0.6352567045	35.36234125	1473626.49	27343741.09	34.70972028	-0.06798397934	0.06798397934	0.002409211886	63.90481211	2.972230778
29	nan	nan	nan	nan	nan	nan	nan	nan	nan	nan	nan	nan	nan	nan	nan	nan	nan	nan	nan	nan	nan	nan	|	cg30_TapBefore_0000	131353	cg30_TapAfter0000	132440	arc_length	200	0.03379640979	0.6352567045	35.36234125	1473626.49	27343741.09	35.03411019	-0.07607460938	0.07607460938	0.00285986642	64.22920202	3.027943189
29	nan	nan	nan	nan	nan	nan	nan	nan	nan	nan	nan	nan	nan	nan	nan	nan	nan	nan	nan	nan	nan	nan	|	cg30_TapBefore_0000	131353	cg30_TapAfter0000	132440	arc_length	200	0.03379640979	0.6352567045	35.36234125	1473626.49	27343741.09	35.3585001	-0.08359097536	0.08359097536	0.003363481443	64.55359192	3.084168044
29	nan	nan	nan	nan	nan	nan	nan	nan	nan	nan	nan	nan	nan	nan	nan	nan	nan	nan	nan	nan	nan	nan	|	cg30_TapBefore_0000	131353	cg30_TapAfter0000	132440	arc_length	200	0.03379640979	0.6352567045	35.36234125	1473626.49	27343741.09	35.68289001	-0.07615095992	0.07615095992	0.003922999204	nan	nan
29	nan	nan	nan	nan	nan	nan	nan	nan	nan	nan	nan	nan	nan	nan	nan	nan	nan	nan	nan	nan	nan	nan	|	cg30_TapBefore_0000	131353	cg30_TapAfter0000	132440	arc_length	200	0.03379640979	0.6352567045	35.36234125	1473626.49	27343741.09	36.00727992	-0.08331497331	0.08331497331	0.004541361954	nan	nan
29	nan	nan	nan	nan	nan	nan	nan	nan	nan	nan	nan	nan	nan	nan	nan	nan	nan	nan	nan	nan	nan	nan	|	cg30_TapBefore_0000	131353	cg30_TapAfter0000	132440	arc_length	200	0.03379640979	0.6352567045	35.36234125	1473626.49	27343741.09	36.33166983	-0.09288891291	0.09288891291	0.005221511941	nan	nan
29	nan	nan	nan	nan	nan	nan	nan	nan	nan	nan	nan	nan	nan	nan	nan	nan	nan	nan	nan	nan	nan	nan	|	cg30_TapBefore_0000	131353	cg30_TapAfter0000	132440	arc_length	200	0.03379640979	0.6352567045	35.36234125	1473626.49	27343741.09	36.65605974	-0.07450838452	0.07450838452	0.005966391415	nan	nan
29	nan	nan	nan	nan	nan	nan	nan	nan	nan	nan	nan	nan	nan	nan	nan	nan	nan	nan	nan	nan	nan	nan	|	cg30_TapBefore_0000	131353	cg30_TapAfter0000	132440	arc_length	200	0.03379640979	0.6352567045	35.36234125	1473626.49	27343741.09	36.98044965	-0.05327440347	0.05327440347	0.006778942625	nan	nan
29	nan	nan	nan	nan	nan	nan	nan	nan	nan	nan	nan	nan	nan	nan	nan	nan	nan	nan	nan	nan	nan	nan	|	cg30_TapBefore_0000	131353	cg30_TapAfter0000	132440	arc_length	200	0.03379640979	0.6352567045	35.36234125	1473626.49	27343741.09	37.30483955	-0.05993182126	0.05993182126	0.007662107821	nan	nan
29	nan	nan	nan	nan	nan	nan	nan	nan	nan	nan	nan	nan	nan	nan	nan	nan	nan	nan	nan	nan	nan	nan	|	cg30_TapBefore_0000	131353	cg30_TapAfter0000	132440	arc_length	200	0.03379640979	0.6352567045	35.36234125	1473626.49	27343741.09	37.62922946	-0.0680224513	0.0680224513	0.008618829252	nan	nan
29	nan	nan	nan	nan	nan	nan	nan	nan	nan	nan	nan	nan	nan	nan	nan	nan	nan	nan	nan	nan	nan	nan	|	cg30_TapBefore_0000	131353	cg30_TapAfter0000	132440	arc_length	200	0.03379640979	0.6352567045	35.36234125	1473626.49	27343741.09	37.95361937	-0.07611308135	0.07611308135	0.009652049167	nan	nan
29	nan	nan	nan	nan	nan	nan	nan	nan	nan	nan	nan	nan	nan	nan	nan	nan	nan	nan	nan	nan	nan	nan	|	cg30_TapBefore_0000	131353	cg30_TapAfter0000	132440	arc_length	200	0.03379640979	0.6352567045	35.36234125	1473626.49	27343741.09	38.27800928	-0.08420371139	0.08420371139	0.01076470982	nan	nan
29	nan	nan	nan	nan	nan	nan	nan	nan	nan	nan	nan	nan	nan	nan	nan	nan	nan	nan	nan	nan	nan	nan	|	cg30_TapBefore_0000	131353	cg30_TapAfter0000	132440	arc_length	200	0.03379640979	0.6352567045	35.36234125	1473626.49	27343741.09	38.60239919	-0.09229434143	0.09229434143	0.01195975345	nan	nan
29	nan	nan	nan	nan	nan	nan	nan	nan	nan	nan	nan	nan	nan	nan	nan	nan	nan	nan	nan	nan	nan	nan	|	cg30_TapBefore_0000	131353	cg30_TapAfter0000	132440	arc_length	200	0.03379640979	0.6352567045	35.36234125	1473626.49	27343741.09	38.9267891	-0.1003849715	0.1003849715	0.01324012231	nan	nan
29	nan	nan	nan	nan	nan	nan	nan	nan	nan	nan	nan	nan	nan	nan	nan	nan	nan	nan	nan	nan	nan	nan	|	cg30_TapBefore_0000	131353	cg30_TapAfter0000	132440	arc_length	200	0.03379640979	0.6352567045	35.36234125	1473626.49	27343741.09	39.25117901	-0.1084756015	0.1084756015	0.01460875866	nan	nan
29	nan	nan	nan	nan	nan	nan	nan	nan	nan	nan	nan	nan	nan	nan	nan	nan	nan	nan	nan	nan	nan	nan	|	cg30_TapBefore_0000	131353	cg30_TapAfter0000	132440	arc_length	200	0.03379640979	0.6352567045	35.36234125	1473626.49	27343741.09	39.57556892	-0.1165662316	0.1165662316	0.01606860474	nan	nan
29	nan	nan	nan	nan	nan	nan	nan	nan	nan	nan	nan	nan	nan	nan	nan	nan	nan	nan	nan	nan	nan	nan	|	cg30_TapBefore_0000	131353	cg30_TapAfter0000	132440	arc_length	200	0.03379640979	0.6352567045	35.36234125	1473626.49	27343741.09	39.89995883	-0.1246568616	0.1246568616	0.0176226028	nan	nan
29	nan	nan	nan	nan	nan	nan	nan	nan	nan	nan	nan	nan	nan	nan	nan	nan	nan	nan	nan	nan	nan	nan	|	cg30_TapBefore_0000	131353	cg30_TapAfter0000	132440	arc_length	200	0.03379640979	0.6352567045	35.36234125	1473626.49	27343741.09	40.22434874	-0.1327474916	0.1327474916	0.01927369509	nan	nan
29	nan	nan	nan	nan	nan	nan	nan	nan	nan	nan	nan	nan	nan	nan	nan	nan	nan	nan	nan	nan	nan	nan	|	cg30_TapBefore_0000	131353	cg30_TapAfter0000	132440	arc_length	200	0.03379640979	0.6352567045	35.36234125	1473626.49	27343741.09	40.54873865	-0.1408381217	0.1408381217	0.02102482386	nan	nan
29	nan	nan	nan	nan	nan	nan	nan	nan	nan	nan	nan	nan	nan	nan	nan	nan	nan	nan	nan	nan	nan	nan	|	cg30_TapBefore_0000	131353	cg30_TapAfter0000	132440	arc_length	200	0.03379640979	0.6352567045	35.36234125	1473626.49	27343741.09	40.87312856	-0.1268170537	0.1268170537	0.02287893136	nan	nan
29	nan	nan	nan	nan	nan	nan	nan	nan	nan	nan	nan	nan	nan	nan	nan	nan	nan	nan	nan	nan	nan	nan	|	cg30_TapBefore_0000	131353	cg30_TapAfter0000	132440	arc_length	200	0.03379640979	0.6352567045	35.36234125	1473626.49	27343741.09	41.19751846	-0.1055149664	0.1055149664	0.02483895984	nan	nan
29	nan	nan	nan	nan	nan	nan	nan	nan	nan	nan	nan	nan	nan	nan	nan	nan	nan	nan	nan	nan	nan	nan	|	cg30_TapBefore_0000	131353	cg30_TapAfter0000	132440	arc_length	200	0.03379640979	0.6352567045	35.36234125	1473626.49	27343741.09	41.52190837	-0.0923944146	0.0923944146	0.02690785154	nan	nan
29	nan	nan	nan	nan	nan	nan	nan	nan	nan	nan	nan	nan	nan	nan	nan	nan	nan	nan	nan	nan	nan	nan	|	cg30_TapBefore_0000	131353	cg30_TapAfter0000	132440	arc_length	200	0.03379640979	0.6352567045	35.36234125	1473626.49	27343741.09	41.84629828	-0.1004850446	0.1004850446	0.02908854873	nan	nan
29	nan	nan	nan	nan	nan	nan	nan	nan	nan	nan	nan	nan	nan	nan	nan	nan	nan	nan	nan	nan	nan	nan	|	cg30_TapBefore_0000	131353	cg30_TapAfter0000	132440	arc_length	200	0.03379640979	0.6352567045	35.36234125	1473626.49	27343741.09	42.17068819	-0.1085756747	0.1085756747	0.03138399363	nan	nan
29	nan	nan	nan	nan	nan	nan	nan	nan	nan	nan	nan	nan	nan	nan	nan	nan	nan	nan	nan	nan	nan	nan	|	cg30_TapBefore_0000	131353	cg30_TapAfter0000	132440	arc_length	200	0.03379640979	0.6352567045	35.36234125	1473626.49	27343741.09	42.4950781	-0.1166663047	0.1166663047	0.03379712852	nan	nan
29	nan	nan	nan	nan	nan	nan	nan	nan	nan	nan	nan	nan	nan	nan	nan	nan	nan	nan	nan	nan	nan	nan	|	cg30_TapBefore_0000	131353	cg30_TapAfter0000	132440	arc_length	200	0.03379640979	0.6352567045	35.36234125	1473626.49	27343741.09	42.81946801	-0.1247569348	0.1247569348	0.03633089563	nan	nan
29	nan	nan	nan	nan	nan	nan	nan	nan	nan	nan	nan	nan	nan	nan	nan	nan	nan	nan	nan	nan	nan	nan	|	cg30_TapBefore_0000	131353	cg30_TapAfter0000	132440	arc_length	200	0.03379640979	0.6352567045	35.36234125	1473626.49	27343741.09	43.14385792	-0.1328475648	0.1328475648	0.03898823722	nan	nan
29	nan	nan	nan	nan	nan	nan	nan	nan	nan	nan	nan	nan	nan	nan	nan	nan	nan	nan	nan	nan	nan	nan	|	cg30_TapBefore_0000	131353	cg30_TapAfter0000	132440	arc_length	200	0.03379640979	0.6352567045	35.36234125	1473626.49	27343741.09	43.46824783	-0.1409381949	0.1409381949	0.04177209553	nan	nan
29	nan	nan	nan	nan	nan	nan	nan	nan	nan	nan	nan	nan	nan	nan	nan	nan	nan	nan	nan	nan	nan	nan	|	cg30_TapBefore_0000	131353	cg30_TapAfter0000	132440	arc_length	200	0.03379640979	0.6352567045	35.36234125	1473626.49	27343741.09	43.79263774	-0.1490288249	0.1490288249	0.04468541281	nan	nan
29	nan	nan	nan	nan	nan	nan	nan	nan	nan	nan	nan	nan	nan	nan	nan	nan	nan	nan	nan	nan	nan	nan	|	cg30_TapBefore_0000	131353	cg30_TapAfter0000	132440	arc_length	200	0.03379640979	0.6352567045	35.36234125	1473626.49	27343741.09	44.11702765	-0.1571194549	0.1571194549	0.04773113132	nan	nan
29	nan	nan	nan	nan	nan	nan	nan	nan	nan	nan	nan	nan	nan	nan	nan	nan	nan	nan	nan	nan	nan	nan	|	cg30_TapBefore_0000	131353	cg30_TapAfter0000	132440	arc_length	200	0.03379640979	0.6352567045	35.36234125	1473626.49	27343741.09	44.44141756	-0.165210085	0.165210085	0.0509121933	nan	nan
29	nan	nan	nan	nan	nan	nan	nan	nan	nan	nan	nan	nan	nan	nan	nan	nan	nan	nan	nan	nan	nan	nan	|	cg30_TapBefore_0000	131353	cg30_TapAfter0000	132440	arc_length	200	0.03379640979	0.6352567045	35.36234125	1473626.49	27343741.09	44.76580747	-0.171821946	0.171821946	0.054231541	nan	nan
29	nan	nan	nan	nan	nan	nan	nan	nan	nan	nan	nan	nan	nan	nan	nan	nan	nan	nan	nan	nan	nan	nan	|	cg30_TapBefore_0000	131353	cg30_TapAfter0000	132440	arc_length	200	0.03379640979	0.6352567045	35.36234125	1473626.49	27343741.09	45.09019737	-0.2040758658	0.2040758658	0.05769211667	nan	nan
29	nan	nan	nan	nan	nan	nan	nan	nan	nan	nan	nan	nan	nan	nan	nan	nan	nan	nan	nan	nan	nan	nan	|	cg30_TapBefore_0000	131353	cg30_TapAfter0000	132440	arc_length	200	0.03379640979	0.6352567045	35.36234125	1473626.49	27343741.09	45.41458728	-0.2191739749	0.2191739749	0.06129686257	nan	nan
29	nan	nan	nan	nan	nan	nan	nan	nan	nan	nan	nan	nan	nan	nan	nan	nan	nan	nan	nan	nan	nan	nan	|	cg30_TapBefore_0000	131353	cg30_TapAfter0000	132440	arc_length	200	0.03379640979	0.6352567045	35.36234125	1473626.49	27343741.09	45.73897719	-0.2164492347	0.2164492347	0.06504872093	nan	nan
29	nan	nan	nan	nan	nan	nan	nan	nan	nan	nan	nan	nan	nan	nan	nan	nan	nan	nan	nan	nan	nan	nan	|	cg30_TapBefore_0000	131353	cg30_TapAfter0000	132440	arc_length	200	0.03379640979	0.6352567045	35.36234125	1473626.49	27343741.09	46.0633671	-0.2055954548	0.2055954548	0.06895063402	nan	nan
29	nan	nan	nan	nan	nan	nan	nan	nan	nan	nan	nan	nan	nan	nan	nan	nan	nan	nan	nan	nan	nan	nan	|	cg30_TapBefore_0000	131353	cg30_TapAfter0000	132440	arc_length	200	0.03379640979	0.6352567045	35.36234125	1473626.49	27343741.09	46.38775701	-0.2136860849	0.2136860849	0.07300554407	nan	nan
29	nan	nan	nan	nan	nan	nan	nan	nan	nan	nan	nan	nan	nan	nan	nan	nan	nan	nan	nan	nan	nan	nan	|	cg30_TapBefore_0000	131353	cg30_TapAfter0000	132440	arc_length	200	0.03379640979	0.6352567045	35.36234125	1473626.49	27343741.09	46.71214692	-0.2217767149	0.2217767149	0.07721639334	nan	nan
29	nan	nan	nan	nan	nan	nan	nan	nan	nan	nan	nan	nan	nan	nan	nan	nan	nan	nan	nan	nan	nan	nan	|	cg30_TapBefore_0000	131353	cg30_TapAfter0000	132440	arc_length	200	0.03379640979	0.6352567045	35.36234125	1473626.49	27343741.09	47.03653683	-0.229867345	0.229867345	0.08158612408	nan	nan
29	nan	nan	nan	nan	nan	nan	nan	nan	nan	nan	nan	nan	nan	nan	nan	nan	nan	nan	nan	nan	nan	nan	|	cg30_TapBefore_0000	131353	cg30_TapAfter0000	132440	arc_length	200	0.03379640979	0.6352567045	35.36234125	1473626.49	27343741.09	47.36092674	-0.237957975	0.237957975	0.08611767853	nan	nan
29	nan	nan	nan	nan	nan	nan	nan	nan	nan	nan	nan	nan	nan	nan	nan	nan	nan	nan	nan	nan	nan	nan	|	cg30_TapBefore_0000	131353	cg30_TapAfter0000	132440	arc_length	200	0.03379640979	0.6352567045	35.36234125	1473626.49	27343741.09	47.68531665	-0.2261522291	0.2261522291	0.09081399896	nan	nan
29	nan	nan	nan	nan	nan	nan	nan	nan	nan	nan	nan	nan	nan	nan	nan	nan	nan	nan	nan	nan	nan	nan	|	cg30_TapBefore_0000	131353	cg30_TapAfter0000	132440	arc_length	200	0.03379640979	0.6352567045	35.36234125	1473626.49	27343741.09	48.00970656	-0.2048501052	0.2048501052	0.09567802759	nan	nan
29	nan	nan	nan	nan	nan	nan	nan	nan	nan	nan	nan	nan	nan	nan	nan	nan	nan	nan	nan	nan	nan	nan	|	cg30_TapBefore_0000	131353	cg30_TapAfter0000	132440	arc_length	200	0.03379640979	0.6352567045	35.36234125	1473626.49	27343741.09	48.33409647	-0.1895142678	0.1895142678	0.1007127067	nan	nan
29	nan	nan	nan	nan	nan	nan	nan	nan	nan	nan	nan	nan	nan	nan	nan	nan	nan	nan	nan	nan	nan	nan	|	cg30_TapBefore_0000	131353	cg30_TapAfter0000	132440	arc_length	200	0.03379640979	0.6352567045	35.36234125	1473626.49	27343741.09	48.65848638	-0.1976048979	0.1976048979	0.1059209785	nan	nan
29	nan	nan	nan	nan	nan	nan	nan	nan	nan	nan	nan	nan	nan	nan	nan	nan	nan	nan	nan	nan	nan	nan	|	cg30_TapBefore_0000	131353	cg30_TapAfter0000	132440	arc_length	200	0.03379640979	0.6352567045	35.36234125	1473626.49	27343741.09	48.98287628	-0.2056955279	0.2056955279	0.1113057853	nan	nan
29	nan	nan	nan	nan	nan	nan	nan	nan	nan	nan	nan	nan	nan	nan	nan	nan	nan	nan	nan	nan	nan	nan	|	cg30_TapBefore_0000	131353	cg30_TapAfter0000	132440	arc_length	200	0.03379640979	0.6352567045	35.36234125	1473626.49	27343741.09	49.30726619	-0.2137861579	0.2137861579	0.1168700693	nan	nan
29	nan	nan	nan	nan	nan	nan	nan	nan	nan	nan	nan	nan	nan	nan	nan	nan	nan	nan	nan	nan	nan	nan	|	cg30_TapBefore_0000	131353	cg30_TapAfter0000	132440	arc_length	200	0.03379640979	0.6352567045	35.36234125	1473626.49	27343741.09	49.6316561	-0.2217901391	0.2217901391	0.1226167728	nan	nan
29	nan	nan	nan	nan	nan	nan	nan	nan	nan	nan	nan	nan	nan	nan	nan	nan	nan	nan	nan	nan	nan	nan	|	cg30_TapBefore_0000	131353	cg30_TapAfter0000	132440	arc_length	200	0.03379640979	0.6352567045	35.36234125	1473626.49	27343741.09	49.95604601	-0.2296102556	0.2296102556	0.1285488379	nan	nan
29	nan	nan	nan	nan	nan	nan	nan	nan	nan	nan	nan	nan	nan	nan	nan	nan	nan	nan	nan	nan	nan	nan	|	cg30_TapBefore_0000	131353	cg30_TapAfter0000	132440	arc_length	200	0.03379640979	0.6352567045	35.36234125	1473626.49	27343741.09	50.28043592	-0.2648364287	0.2648364287	0.1346692071	nan	nan
29	nan	nan	nan	nan	nan	nan	nan	nan	nan	nan	nan	nan	nan	nan	nan	nan	nan	nan	nan	nan	nan	nan	|	cg30_TapBefore_0000	131353	cg30_TapAfter0000	132440	arc_length	200	0.03379640979	0.6352567045	35.36234125	1473626.49	27343741.09	50.60482583	-0.3037348217	0.3037348217	0.1409808224	nan	nan
29	nan	nan	nan	nan	nan	nan	nan	nan	nan	nan	nan	nan	nan	nan	nan	nan	nan	nan	nan	nan	nan	nan	|	cg30_TapBefore_0000	131353	cg30_TapAfter0000	132440	arc_length	200	0.03379640979	0.6352567045	35.36234125	1473626.49	27343741.09	50.92921574	-0.3262237091	0.3262237091	0.1474866262	nan	nan
29	nan	nan	nan	nan	nan	nan	nan	nan	nan	nan	nan	nan	nan	nan	nan	nan	nan	nan	nan	nan	nan	nan	|	cg30_TapBefore_0000	131353	cg30_TapAfter0000	132440	arc_length	200	0.03379640979	0.6352567045	35.36234125	1473626.49	27343741.09	51.25360565	-0.319873135	0.319873135	0.1541895607	nan	nan
29	nan	nan	nan	nan	nan	nan	nan	nan	nan	nan	nan	nan	nan	nan	nan	nan	nan	nan	nan	nan	nan	nan	|	cg30_TapBefore_0000	131353	cg30_TapAfter0000	132440	arc_length	200	0.03379640979	0.6352567045	35.36234125	1473626.49	27343741.09	51.57799556	-0.295655475	0.295655475	0.1610925682	nan	nan
29	nan	nan	nan	nan	nan	nan	nan	nan	nan	nan	nan	nan	nan	nan	nan	nan	nan	nan	nan	nan	nan	nan	|	cg30_TapBefore_0000	131353	cg30_TapAfter0000	132440	arc_length	200	0.03379640979	0.6352567045	35.36234125	1473626.49	27343741.09	51.90238547	-0.2784434179	0.2784434179	0.1681985909	nan	nan
29	nan	nan	nan	nan	nan	nan	nan	nan	nan	nan	nan	nan	nan	nan	nan	nan	nan	nan	nan	nan	nan	nan	|	cg30_TapBefore_0000	131353	cg30_TapAfter0000	132440	arc_length	200	0.03379640979	0.6352567045	35.36234125	1473626.49	27343741.09	52.22677538	-0.286534048	0.286534048	0.175510571	nan	nan
29	nan	nan	nan	nan	nan	nan	nan	nan	nan	nan	nan	nan	nan	nan	nan	nan	nan	nan	nan	nan	nan	nan	|	cg30_TapBefore_0000	131353	cg30_TapAfter0000	132440	arc_length	200	0.03379640979	0.6352567045	35.36234125	1473626.49	27343741.09	52.55116529	-0.294624678	0.294624678	0.1830314509	nan	nan
29	nan	nan	nan	nan	nan	nan	nan	nan	nan	nan	nan	nan	nan	nan	nan	nan	nan	nan	nan	nan	nan	nan	|	cg30_TapBefore_0000	131353	cg30_TapAfter0000	132440	arc_length	200	0.03379640979	0.6352567045	35.36234125	1473626.49	27343741.09	52.87555519	-0.3027153081	0.3027153081	0.1907641727	nan	nan
29	nan	nan	nan	nan	nan	nan	nan	nan	nan	nan	nan	nan	nan	nan	nan	nan	nan	nan	nan	nan	nan	nan	|	cg30_TapBefore_0000	131353	cg30_TapAfter0000	132440	arc_length	200	0.03379640979	0.6352567045	35.36234125	1473626.49	27343741.09	53.1999451	-0.3108059381	0.3108059381	0.1987116787	nan	nan
29	nan	nan	nan	nan	nan	nan	nan	nan	nan	nan	nan	nan	nan	nan	nan	nan	nan	nan	nan	nan	nan	nan	|	cg30_TapBefore_0000	131353	cg30_TapAfter0000	132440	arc_length	200	0.03379640979	0.6352567045	35.36234125	1473626.49	27343741.09	53.52433501	-0.295077522	0.295077522	0.2068769112	nan	nan
29	nan	nan	nan	nan	nan	nan	nan	nan	nan	nan	nan	nan	nan	nan	nan	nan	nan	nan	nan	nan	nan	nan	|	cg30_TapBefore_0000	131353	cg30_TapAfter0000	132440	arc_length	200	0.03379640979	0.6352567045	35.36234125	1473626.49	27343741.09	53.84872492	-0.2708602587	0.2708602587	0.2152628123	nan	nan
29	nan	nan	nan	nan	nan	nan	nan	nan	nan	nan	nan	nan	nan	nan	nan	nan	nan	nan	nan	nan	nan	nan	|	cg30_TapBefore_0000	131353	cg30_TapAfter0000	132440	arc_length	200	0.03379640979	0.6352567045	35.36234125	1473626.49	27343741.09	54.17311483	-0.2634691011	0.2634691011	0.2238723245	nan	nan
29	nan	nan	nan	nan	nan	nan	nan	nan	nan	nan	nan	nan	nan	nan	nan	nan	nan	nan	nan	nan	nan	nan	|	cg30_TapBefore_0000	131353	cg30_TapAfter0000	132440	arc_length	200	0.03379640979	0.6352567045	35.36234125	1473626.49	27343741.09	54.49750474	-0.2501310809	0.2501310809	0.2327083898	nan	nan
29	nan	nan	nan	nan	nan	nan	nan	nan	nan	nan	nan	nan	nan	nan	nan	nan	nan	nan	nan	nan	nan	nan	|	cg30_TapBefore_0000	131353	cg30_TapAfter0000	132440	arc_length	200	0.03379640979	0.6352567045	35.36234125	1473626.49	27343741.09	54.82189465	-0.2311980915	0.2311980915	0.2417739506	nan	nan
29	nan	nan	nan	nan	nan	nan	nan	nan	nan	nan	nan	nan	nan	nan	nan	nan	nan	nan	nan	nan	nan	nan	|	cg30_TapBefore_0000	131353	cg30_TapAfter0000	132440	arc_length	200	0.03379640979	0.6352567045	35.36234125	1473626.49	27343741.09	55.14628456	-0.2169965805	0.2169965805	0.2510719491	nan	nan
29	nan	nan	nan	nan	nan	nan	nan	nan	nan	nan	nan	nan	nan	nan	nan	nan	nan	nan	nan	nan	nan	nan	|	cg30_TapBefore_0000	131353	cg30_TapAfter0000	132440	arc_length	200	0.03379640979	0.6352567045	35.36234125	1473626.49	27343741.09	55.47067447	-0.24694253	0.24694253	0.2606053275	nan	nan
29	nan	nan	nan	nan	nan	nan	nan	nan	nan	nan	nan	nan	nan	nan	nan	nan	nan	nan	nan	nan	nan	nan	|	cg30_TapBefore_0000	131353	cg30_TapAfter0000	132440	arc_length	200	0.03379640979	0.6352567045	35.36234125	1473626.49	27343741.09	55.79506438	-0.280310223	0.280310223	0.2703770282	nan	nan
29	nan	nan	nan	nan	nan	nan	nan	nan	nan	nan	nan	nan	nan	nan	nan	nan	nan	nan	nan	nan	nan	nan	|	cg30_TapBefore_0000	131353	cg30_TapAfter0000	132440	arc_length	200	0.03379640979	0.6352567045	35.36234125	1473626.49	27343741.09	56.11945429	-0.3097973323	0.3097973323	0.2803899933	nan	nan
29	nan	nan	nan	nan	nan	nan	nan	nan	nan	nan	nan	nan	nan	nan	nan	nan	nan	nan	nan	nan	nan	nan	|	cg30_TapBefore_0000	131353	cg30_TapAfter0000	132440	arc_length	200	0.03379640979	0.6352567045	35.36234125	1473626.49	27343741.09	56.4438442	-0.3189884602	0.3189884602	0.290647165	nan	nan
29	nan	nan	nan	nan	nan	nan	nan	nan	nan	nan	nan	nan	nan	nan	nan	nan	nan	nan	nan	nan	nan	nan	|	cg30_TapBefore_0000	131353	cg30_TapAfter0000	132440	arc_length	200	0.03379640979	0.6352567045	35.36234125	1473626.49	27343741.09	56.7682341	-0.3270790903	0.3270790903	0.3011514858	nan	nan
29	nan	nan	nan	nan	nan	nan	nan	nan	nan	nan	nan	nan	nan	nan	nan	nan	nan	nan	nan	nan	nan	nan	|	cg30_TapBefore_0000	131353	cg30_TapAfter0000	132440	arc_length	200	0.03379640979	0.6352567045	35.36234125	1473626.49	27343741.09	57.09262401	-0.3351697203	0.3351697203	0.3119058977	nan	nan
29	nan	nan	nan	nan	nan	nan	nan	nan	nan	nan	nan	nan	nan	nan	nan	nan	nan	nan	nan	nan	nan	nan	|	cg30_TapBefore_0000	131353	cg30_TapAfter0000	132440	arc_length	200	0.03379640979	0.6352567045	35.36234125	1473626.49	27343741.09	57.41701392	-0.3432603503	0.3432603503	0.3229133431	nan	nan
29	nan	nan	nan	nan	nan	nan	nan	nan	nan	nan	nan	nan	nan	nan	nan	nan	nan	nan	nan	nan	nan	nan	|	cg30_TapBefore_0000	131353	cg30_TapAfter0000	132440	arc_length	200	0.03379640979	0.6352567045	35.36234125	1473626.49	27343741.09	57.74140383	-0.3513509804	0.3513509804	0.3341767642	nan	nan
29	nan	nan	nan	nan	nan	nan	nan	nan	nan	nan	nan	nan	nan	nan	nan	nan	nan	nan	nan	nan	nan	nan	|	cg30_TapBefore_0000	131353	cg30_TapAfter0000	132440	arc_length	200	0.03379640979	0.6352567045	35.36234125	1473626.49	27343741.09	58.06579374	-0.3594416104	0.3594416104	0.3456991033	nan	nan
29	nan	nan	nan	nan	nan	nan	nan	nan	nan	nan	nan	nan	nan	nan	nan	nan	nan	nan	nan	nan	nan	nan	|	cg30_TapBefore_0000	131353	cg30_TapAfter0000	132440	arc_length	200	0.03379640979	0.6352567045	35.36234125	1473626.49	27343741.09	58.39018365	-0.3675322405	0.3675322405	0.3574833025	nan	nan
29	nan	nan	nan	nan	nan	nan	nan	nan	nan	nan	nan	nan	nan	nan	nan	nan	nan	nan	nan	nan	nan	nan	|	cg30_TapBefore_0000	131353	cg30_TapAfter0000	132440	arc_length	200	0.03379640979	0.6352567045	35.36234125	1473626.49	27343741.09	58.71457356	-0.3756228705	0.3756228705	0.3695323042	nan	nan
29	nan	nan	nan	nan	nan	nan	nan	nan	nan	nan	nan	nan	nan	nan	nan	nan	nan	nan	nan	nan	nan	nan	|	cg30_TapBefore_0000	131353	cg30_TapAfter0000	132440	arc_length	200	0.03379640979	0.6352567045	35.36234125	1473626.49	27343741.09	59.03896347	-0.3837135006	0.3837135006	0.3818490506	nan	nan
29	nan	nan	nan	nan	nan	nan	nan	nan	nan	nan	nan	nan	nan	nan	nan	nan	nan	nan	nan	nan	nan	nan	|	cg30_TapBefore_0000	131353	cg30_TapAfter0000	132440	arc_length	200	0.03379640979	0.6352567045	35.36234125	1473626.49	27343741.09	59.36335338	-0.3918041306	0.3918041306	0.3944364839	nan	nan
29	nan	nan	nan	nan	nan	nan	nan	nan	nan	nan	nan	nan	nan	nan	nan	nan	nan	nan	nan	nan	nan	nan	|	cg30_TapBefore_0000	131353	cg30_TapAfter0000	132440	arc_length	200	0.03379640979	0.6352567045	35.36234125	1473626.49	27343741.09	59.68774329	-0.3807946483	0.3807946483	0.4072975464	nan	nan
29	nan	nan	nan	nan	nan	nan	nan	nan	nan	nan	nan	nan	nan	nan	nan	nan	nan	nan	nan	nan	nan	nan	|	cg30_TapBefore_0000	131353	cg30_TapAfter0000	132440	arc_length	200	0.03379640979	0.6352567045	35.36234125	1473626.49	27343741.09	60.0121332	-0.3697879609	0.3697879609	0.4204351804	nan	nan
29	nan	nan	nan	nan	nan	nan	nan	nan	nan	nan	nan	nan	nan	nan	nan	nan	nan	nan	nan	nan	nan	nan	|	cg30_TapBefore_0000	131353	cg30_TapAfter0000	132440	arc_length	200	0.03379640979	0.6352567045	35.36234125	1473626.49	27343741.09	60.33652311	-0.3784859517	0.3784859517	0.433852328	nan	nan
29	nan	nan	nan	nan	nan	nan	nan	nan	nan	nan	nan	nan	nan	nan	nan	nan	nan	nan	nan	nan	nan	nan	|	cg30_TapBefore_0000	131353	cg30_TapAfter0000	132440	arc_length	200	0.03379640979	0.6352567045	35.36234125	1473626.49	27343741.09	60.66091301	-0.4180485467	0.4180485467	0.4475519316	nan	nan
29	nan	nan	nan	nan	nan	nan	nan	nan	nan	nan	nan	nan	nan	nan	nan	nan	nan	nan	nan	nan	nan	nan	|	cg30_TapBefore_0000	131353	cg30_TapAfter0000	132440	arc_length	200	0.03379640979	0.6352567045	35.36234125	1473626.49	27343741.09	60.98530292	-0.4320082018	0.4320082018	0.4615369334	nan	nan
29	nan	nan	nan	nan	nan	nan	nan	nan	nan	nan	nan	nan	nan	nan	nan	nan	nan	nan	nan	nan	nan	nan	|	cg30_TapBefore_0000	131353	cg30_TapAfter0000	132440	arc_length	200	0.03379640979	0.6352567045	35.36234125	1473626.49	27343741.09	61.30969283	-0.440294137	0.440294137	0.4758102756	nan	nan
29	nan	nan	nan	nan	nan	nan	nan	nan	nan	nan	nan	nan	nan	nan	nan	nan	nan	nan	nan	nan	nan	nan	|	cg30_TapBefore_0000	131353	cg30_TapAfter0000	132440	arc_length	200	0.03379640979	0.6352567045	35.36234125	1473626.49	27343741.09	61.63408274	-0.448384767	0.448384767	0.4903749005	nan	nan
29	nan	nan	nan	nan	nan	nan	nan	nan	nan	nan	nan	nan	nan	nan	nan	nan	nan	nan	nan	nan	nan	nan	|	cg30_TapBefore_0000	131353	cg30_TapAfter0000	132440	arc_length	200	0.03379640979	0.6352567045	35.36234125	1473626.49	27343741.09	61.95847265	-0.4564753971	0.4564753971	0.5052337504	nan	nan
29	nan	nan	nan	nan	nan	nan	nan	nan	nan	nan	nan	nan	nan	nan	nan	nan	nan	nan	nan	nan	nan	nan	|	cg30_TapBefore_0000	131353	cg30_TapAfter0000	132440	arc_length	200	0.03379640979	0.6352567045	35.36234125	1473626.49	27343741.09	62.28286256	-0.4645660271	0.4645660271	0.5203897675	nan	nan
29	nan	nan	nan	nan	nan	nan	nan	nan	nan	nan	nan	nan	nan	nan	nan	nan	nan	nan	nan	nan	nan	nan	|	cg30_TapBefore_0000	131353	cg30_TapAfter0000	132440	arc_length	200	0.03379640979	0.6352567045	35.36234125	1473626.49	27343741.09	62.60725247	-0.4726566572	0.4726566572	0.5358458939	nan	nan
29	nan	nan	nan	nan	nan	nan	nan	nan	nan	nan	nan	nan	nan	nan	nan	nan	nan	nan	nan	nan	nan	nan	|	cg30_TapBefore_0000	131353	cg30_TapAfter0000	132440	arc_length	200	0.03379640979	0.6352567045	35.36234125	1473626.49	27343741.09	62.93164238	-0.4807472872	0.4807472872	0.5516050721	nan	nan
29	nan	nan	nan	nan	nan	nan	nan	nan	nan	nan	nan	nan	nan	nan	nan	nan	nan	nan	nan	nan	nan	nan	|	cg30_TapBefore_0000	131353	cg30_TapAfter0000	132440	arc_length	200	0.03379640979	0.6352567045	35.36234125	1473626.49	27343741.09	63.25603229	-0.4888379173	0.4888379173	0.5676702442	nan	nan
29	nan	nan	nan	nan	nan	nan	nan	nan	nan	nan	nan	nan	nan	nan	nan	nan	nan	nan	nan	nan	nan	nan	|	cg30_TapBefore_0000	131353	cg30_TapAfter0000	132440	arc_length	200	0.03379640979	0.6352567045	35.36234125	1473626.49	27343741.09	63.5804222	-0.4969285473	0.4969285473	0.5840443525	nan	nan
29	nan	nan	nan	nan	nan	nan	nan	nan	nan	nan	nan	nan	nan	nan	nan	nan	nan	nan	nan	nan	nan	nan	|	cg30_TapBefore_0000	131353	cg30_TapAfter0000	132440	arc_length	200	0.03379640979	0.6352567045	35.36234125	1473626.49	27343741.09	63.90481211	-0.5050191773	0.5050191773	0.6007303393	nan	nan
29	nan	nan	nan	nan	nan	nan	nan	nan	nan	nan	nan	nan	nan	nan	nan	nan	nan	nan	nan	nan	nan	nan	|	cg30_TapBefore_0000	131353	cg30_TapAfter0000	132440	arc_length	200	0.03379640979	0.6352567045	35.36234125	1473626.49	27343741.09	64.22920202	-0.5131098074	0.5131098074	0.6177311467	nan	nan
29	nan	nan	nan	nan	nan	nan	nan	nan	nan	nan	nan	nan	nan	nan	nan	nan	nan	nan	nan	nan	nan	nan	|	cg30_TapBefore_0000	131353	cg30_TapAfter0000	132440	arc_length	200	0.03379640979	0.6352567045	35.36234125	1473626.49	27343741.09	64.55359192	-0.5212004374	0.5212004374	0.6350497171	nan	nan
