x_split	fit_v1_file_name	fit_v1_file_time	fit_v1_parabola_a	fit_v1_parabola_b	fit_v1_parabola_c	fit_v1_parabola_a_err	fit_v1_parabola_b_err	fit_v1_parabola_c_err	fit_v1_line_m	fit_v1_line_q	fit_v1_line_m_err	fit_v1_line_q_err	fit_v1_d0	fit_v1_L	fit_v1_d0_err	fit_v1_L_err	fit_v1_x	fit_v1_d_signed	fit_v1_d_abs	fit_v1_d_fit	fit_v1_theta_x	fit_v1_theta	|	direct_pre_file_name	direct_pre_file_time	direct_post_file_name	direct_post_file_time	direct_sample_method	direct_n_samples	direct_registration_rmse	direct_d0	direct_L	direct_d0_err	direct_L_err	direct_x	direct_d_signed	direct_d_abs	direct_d_fit	direct_theta_x	direct_theta
27	MBLG21_duringPush0007	161441	0.0003563629875	0.003093084961	0.002207987954	2.554607406e-05	0.001105579288	0.009853880998	0.01168312255	-0.03018772231	0.0005203904414	0.00706213478	0.3954574103	17.65530189	2690363.3	40037331.04	0	0.03018772231	0.03018772231	0	24.611134	0	|	MBLG21_beforePush0002	160427	MBLG21_duringPush0007	161441	arc_length	200	0.04593324383	0.3878024978	15.04072803	6776460.61	87607225.5	0	0.02419555502	0.02419555502	0	27.11081953	0
27	MBLG21_duringPush0007	161441	0.0003563629875	0.003093084961	0.002207987954	2.554607406e-05	0.001105579288	0.009853880998	0.01168312255	-0.03018772231	0.0005203904414	0.00706213478	0.3954574103	17.65530189	2690363.3	40037331.04	0.562832	0.02361208708	0.02361208708	0	25.327466	0.006337921622	|	MBLG21_beforePush0002	160427	MBLG21_duringPush0007	161441	arc_length	200	0.04593324383	0.3878024978	15.04072803	6776460.61	87607225.5	0.2118032776	0.04312931938	0.04312931938	0	27.32262281	0.0008788469853
27	MBLG21_duringPush0007	161441	0.0003563629875	0.003093084961	0.002207987954	2.554607406e-05	0.001105579288	0.009853880998	0.01168312255	-0.03018772231	0.0005203904414	0.00706213478	0.3954574103	17.65530189	2690363.3	40037331.04	1.176832	0.01643864984	0.01643864984	0	26.043798	0.02535168494	|	MBLG21_beforePush0002	160427	MBLG21_duringPush0007	161441	arc_length	200	0.04593324383	0.3878024978	15.04072803	6776460.61	87607225.5	0.4236065552	0.06228016125	0.06228016125	0	27.53442609	0.003515387937
27	MBLG21_duringPush0007	161441	0.0003563629875	0.003093084961	0.002207987954	2.554607406e-05	0.001105579288	0.009853880998	0.01168312255	-0.03018772231	0.0005203904414	0.00706213478	0.3954574103	17.65530189	2690363.3	40037331.04	1.790831	0.009265224282	0.009265224282	0	26.504298	0.04426847381	|	MBLG21_beforePush0002	160427	MBLG21_duringPush0007	161441	arc_length	200	0.04593324383	0.3878024978	15.04072803	6776460.61	87607225.5	0.6354098328	0.07543384941	0.07543384941	0	27.74622937	0.007909622818
27	MBLG21_duringPush0007	161441	0.0003563629875	0.003093084961	0.002207987954	2.554607406e-05	0.001105579288	0.009853880998	0.01168312255	-0.03018772231	0.0005203904414	0.00706213478	0.3954574103	17.65530189	2690363.3	40037331.04	2.09783	0.005678517344	0.005678517344	0	26.913631	0.06548112287	|	MBLG21_beforePush0002	160427	MBLG21_duringPush0007	161441	arc_length	200	0.04593324383	0.3878024978	15.04072803	6776460.61	87607225.5	0.8472131104	0.07548747969	0.07548747969	0	27.95803264	0.01406155148
27	MBLG21_duringPush0007	161441	0.0003563629875	0.003093084961	0.002207987954	2.554607406e-05	0.001105579288	0.009853880998	0.01168312255	-0.03018772231	0.0005203904414	0.00706213478	0.3954574103	17.65530189	2690363.3	40037331.04	2.609496	-0.0002993392364	0.0002993392364	0	27.629963	0.112562733	|	MBLG21_beforePush0002	160427	MBLG21_duringPush0007	161441	arc_length	200	0.04593324383	0.3878024978	15.04072803	6776460.61	87607225.5	1.059016388	0.07561490769	0.07561490769	0	28.16983592	0.02197117356
27	MBLG21_duringPush0007	161441	0.0003563629875	0.003093084961	0.002207987954	2.554607406e-05	0.001105579288	0.009853880998	0.01168312255	-0.03018772231	0.0005203904414	0.00706213478	0.3954574103	17.65530189	2690363.3	40037331.04	3.172329	-0.006874986148	0.006874986148	0	28.243962	0.1630071528	|	MBLG21_beforePush0002	160427	MBLG21_duringPush0007	161441	arc_length	200	0.04593324383	0.3878024978	15.04072803	6776460.61	87607225.5	1.270819666	0.05142779045	0.05142779045	0	28.3816392	0.03163848826
27	MBLG21_duringPush0007	161441	0.0003563629875	0.003093084961	0.002207987954	2.554607406e-05	0.001105579288	0.009853880998	0.01168312255	-0.03018772231	0.0005203904414	0.00706213478	0.3954574103	17.65530189	2690363.3	40037331.04	3.735161	-0.01345062138	0.01345062138	0	28.857961	0.2227640538	|	MBLG21_beforePush0002	160427	MBLG21_duringPush0007	161441	arc_length	200	0.04593324383	0.3878024978	15.04072803	6776460.61	87607225.5	1.482622943	0.02494007741	0.02494007741	0	28.59344248	0.04306349417
27	MBLG21_duringPush0007	161441	0.0003563629875	0.003093084961	0.002207987954	2.554607406e-05	0.001105579288	0.009853880998	0.01168312255	-0.03018772231	0.0005203904414	0.00706213478	0.3954574103	17.65530189	2690363.3	40037331.04	4.297994	-0.02002626829	0.02002626829	0	29.523127	0.2980092354	|	MBLG21_beforePush0002	160427	MBLG21_duringPush0007	161441	arc_length	200	0.04593324383	0.3878024978	15.04072803	6776460.61	87607225.5	1.694426221	-0.005193865118	0.005193865118	0	28.80524575	0.056246189
27	MBLG21_duringPush0007	161441	0.0003563629875	0.003093084961	0.002207987954	2.554607406e-05	0.001105579288	0.009853880998	0.01168312255	-0.03018772231	0.0005203904414	0.00706213478	0.3954574103	17.65530189	2690363.3	40037331.04	4.911993	-0.02719969385	0.02719969385	0	30.239459	0.3912638686	|	MBLG21_beforePush0002	160427	MBLG21_duringPush0007	161441	arc_length	200	0.04593324383	0.3878024978	15.04072803	6776460.61	87607225.5	1.906229498	-0.02792643107	0.02792643107	0	29.01704903	0.07118656919
27	MBLG21_duringPush0007	161441	0.0003563629875	0.003093084961	0.002207987954	2.554607406e-05	0.001105579288	0.009853880998	0.01168312255	-0.03018772231	0.0005203904414	0.00706213478	0.3954574103	17.65530189	2690363.3	40037331.04	5.474826	-0.03377534076	0.03377534076	0	31.109292	0.5215388918	|	MBLG21_beforePush0002	160427	MBLG21_duringPush0007	161441	arc_length	200	0.04593324383	0.3878024978	15.04072803	6776460.61	87607225.5	2.118032776	-0.02830426671	0.02830426671	0	29.22885231	0.08788462961
27	MBLG21_duringPush0007	161441	0.0003563629875	0.003093084961	0.002207987954	2.554607406e-05	0.001105579288	0.009853880998	0.01168312255	-0.03018772231	0.0005203904414	0.00706213478	0.3954574103	17.65530189	2690363.3	40037331.04	6.037658	-0.04035097599	0.04035097599	0	31.620958	0.6068986149	|	MBLG21_beforePush0002	160427	MBLG21_duringPush0007	161441	arc_length	200	0.04593324383	0.3878024978	15.04072803	6776460.61	87607225.5	2.329836054	-0.0285473911	0.0285473911	0	29.44065559	0.1063403631
27	MBLG21_duringPush0007	161441	0.0003563629875	0.003093084961	0.002207987954	2.554607406e-05	0.001105579288	0.009853880998	0.01168312255	-0.03018772231	0.0005203904414	0.00706213478	0.3954574103	17.65530189	2690363.3	40037331.04	6.498158	0.005434946081	0.005434946081	0	32.081457	0.689248725	|	MBLG21_beforePush0002	160427	MBLG21_duringPush0007	161441	arc_length	200	0.04593324383	0.3878024978	15.04072803	6776460.61	87607225.5	2.541639331	-0.0287905155	0.0287905155	0	29.65245886	0.1265537601
27	MBLG21_duringPush0007	161441	0.0003563629875	0.003093084961	0.002207987954	2.554607406e-05	0.001105579288	0.009853880998	0.01168312255	-0.03018772231	0.0005203904414	0.00706213478	0.3954574103	17.65530189	2690363.3	40037331.04	7.009824	-0.0005429104995	0.0005429104995	0	32.746623	0.8174402489	|	MBLG21_beforePush0002	160427	MBLG21_duringPush0007	161441	arc_length	200	0.04593324383	0.3878024978	15.04072803	6776460.61	87607225.5	2.753442609	-0.0290336399	0.0290336399	0	29.86426214	0.1485248078
27	MBLG21_duringPush0007	161441	0.0003563629875	0.003093084961	0.002207987954	2.554607406e-05	0.001105579288	0.009853880998	0.01168312255	-0.03018772231	0.0005203904414	0.00706213478	0.3954574103	17.65530189	2690363.3	40037331.04	7.36799	-0.004727407769	0.004727407769	0	33.411789	0.9565502774	|	MBLG21_beforePush0002	160427	MBLG21_duringPush0007	161441	arc_length	200	0.04593324383	0.3878024978	15.04072803	6776460.61	87607225.5	2.965245886	-0.0292767643	0.0292767643	0	30.07606542	0.1722534902
27	MBLG21_duringPush0007	161441	0.0003563629875	0.003093084961	0.002207987954	2.554607406e-05	0.001105579288	0.009853880998	0.01168312255	-0.03018772231	0.0005203904414	0.00706213478	0.3954574103	17.65530189	2690363.3	40037331.04	7.879656	0.04046173565	0.04046173565	0	34.128121	1.118566822	|	MBLG21_beforePush0002	160427	MBLG21_duringPush0007	161441	arc_length	200	0.04593324383	0.3878024978	15.04072803	6776460.61	87607225.5	3.177049164	-0.0295198887	0.0295198887	0	30.2878687	0.1977397866
27	MBLG21_duringPush0007	161441	0.0003563629875	0.003093084961	0.002207987954	2.554607406e-05	0.001105579288	0.009853880998	0.01168312255	-0.03018772231	0.0005203904414	0.00706213478	0.3954574103	17.65530189	2690363.3	40037331.04	8.442489	0.03388608874	0.03388608874	0	34.793287	1.280339374	|	MBLG21_beforePush0002	160427	MBLG21_duringPush0007	161441	arc_length	200	0.04593324383	0.3878024978	15.04072803	6776460.61	87607225.5	3.388852442	-0.0297630131	0.0297630131	0	30.49967197	0.2249836719
27	MBLG21_duringPush0007	161441	0.0003563629875	0.003093084961	0.002207987954	2.554607406e-05	0.001105579288	0.009853880998	0.01168312255	-0.03018772231	0.0005203904414	0.00706213478	0.3954574103	17.65530189	2690363.3	40037331.04	9.056488	0.02671266318	0.02671266318	0	35.560786	1.480546719	|	MBLG21_beforePush0002	160427	MBLG21_duringPush0007	161441	arc_length	200	0.04593324383	0.3878024978	15.04072803	6776460.61	87607225.5	3.600655719	-0.0300061375	0.0300061375	0	30.71147525	0.2539851151
27	MBLG21_duringPush0007	161441	0.0003563629875	0.003093084961	0.002207987954	2.554607406e-05	0.001105579288	0.009853880998	0.01168312255	-0.03018772231	0.0005203904414	0.00706213478	0.3954574103	17.65530189	2690363.3	40037331.04	9.670487	0.01953923762	0.01953923762	0	36.379451	1.710085763	|	MBLG21_beforePush0002	160427	MBLG21_duringPush0007	161441	arc_length	200	0.04593324383	0.3878024978	15.04072803	6776460.61	87607225.5	3.812458997	-0.03024926189	0.03024926189	0	30.92327853	0.284744079
27	MBLG21_duringPush0007	161441	0.0003563629875	0.003093084961	0.002207987954	2.554607406e-05	0.001105579288	0.009853880998	0.01168312255	-0.03018772231	0.0005203904414	0.00706213478	0.3954574103	17.65530189	2690363.3	40037331.04	10.284486	0.01236581206	0.01236581206	0	37.14695	1.940248361	|	MBLG21_beforePush0002	160427	MBLG21_duringPush0007	161441	arc_length	200	0.04593324383	0.3878024978	15.04072803	6776460.61	87607225.5	4.024262274	-0.03049238629	0.03049238629	0	31.13508181	0.3172605192
27	MBLG21_duringPush0007	161441	0.0003563629875	0.003093084961	0.002207987954	2.554607406e-05	0.001105579288	0.009853880998	0.01168312255	-0.03018772231	0.0005203904414	0.00706213478	0.3954574103	17.65530189	2690363.3	40037331.04	10.847319	0.005790165149	0.005790165149	0	37.812116	2.151426228	|	MBLG21_beforePush0002	160427	MBLG21_duringPush0007	161441	arc_length	200	0.04593324383	0.3878024978	15.04072803	6776460.61	87607225.5	4.236065552	-0.03073551069	0.03073551069	0	31.34688508	0.3515343831
27	MBLG21_duringPush0007	161441	0.0003563629875	0.003093084961	0.002207987954	2.554607406e-05	0.001105579288	0.009853880998	0.01168312255	-0.03018772231	0.0005203904414	0.00706213478	0.3954574103	17.65530189	2690363.3	40037331.04	11.358985	-0.0001876914314	0.0001876914314	0	38.630782	2.426234001	|	MBLG21_beforePush0002	160427	MBLG21_duringPush0007	161441	arc_length	200	0.04593324383	0.3878024978	15.04072803	6776460.61	87607225.5	4.44786883	-0.03097863509	0.03097863509	0	31.55868836	0.3875656093
27	MBLG21_duringPush0007	161441	0.0003563629875	0.003093084961	0.002207987954	2.554607406e-05	0.001105579288	0.009853880998	0.01168312255	-0.03018772231	0.0005203904414	0.00706213478	0.3954574103	17.65530189	2690363.3	40037331.04	11.972984	-0.007361116991	0.007361116991	0	39.449447	2.71744901	|	MBLG21_beforePush0002	160427	MBLG21_duringPush0007	161441	arc_length	200	0.04593324383	0.3878024978	15.04072803	6776460.61	87607225.5	4.659672107	-0.03122175949	0.03122175949	0	31.77049164	0.4253541265
27	MBLG21_duringPush0007	161441	0.0003563629875	0.003093084961	0.002207987954	2.554607406e-05	0.001105579288	0.009853880998	0.01168312255	-0.03018772231	0.0005203904414	0.00706213478	0.3954574103	17.65530189	2690363.3	40037331.04	12.63815	-0.01513233288	0.01513233288	0	40.16578	2.985692456	|	MBLG21_beforePush0002	160427	MBLG21_duringPush0007	161441	arc_length	200	0.04593324383	0.3878024978	15.04072803	6776460.61	87607225.5	4.871475385	-0.03146488389	0.03146488389	0	31.98229492	0.4648998524
27	MBLG21_duringPush0007	161441	0.0003563629875	0.003093084961	0.002207987954	2.554607406e-05	0.001105579288	0.009853880998	0.01168312255	-0.03018772231	0.0005203904414	0.00706213478	0.3954574103	17.65530189	2690363.3	40037331.04	13.252149	-0.02230575844	0.02230575844	0	40.779779	3.225568474	|	MBLG21_beforePush0002	160427	MBLG21_duringPush0007	161441	arc_length	200	0.04593324383	0.3878024978	15.04072803	6776460.61	87607225.5	5.083278662	-0.03170800828	0.03170800828	0	32.19409819	0.5062026925
27	MBLG21_duringPush0007	161441	0.0003563629875	0.003093084961	0.002207987954	2.554607406e-05	0.001105579288	0.009853880998	0.01168312255	-0.03018772231	0.0005203904414	0.00706213478	0.3954574103	17.65530189	2690363.3	40037331.04	13.968481	-0.03067475298	0.03067475298	0	41.240278	3.411491559	|	MBLG21_beforePush0002	160427	MBLG21_duringPush0007	161441	arc_length	200	0.04593324383	0.3878024978	15.04072803	6776460.61	87607225.5	5.29508194	-0.03195113268	0.03195113268	0	32.40590147	0.5492625395
27	MBLG21_duringPush0007	161441	0.0003563629875	0.003093084961	0.002207987954	2.554607406e-05	0.001105579288	0.009853880998	0.01168312255	-0.03018772231	0.0005203904414	0.00706213478	0.3954574103	17.65530189	2690363.3	40037331.04	14.58248	-0.03784817854	0.03784817854	0	41.854277	3.667392116	|	MBLG21_beforePush0002	160427	MBLG21_duringPush0007	161441	arc_length	200	0.04593324383	0.3878024978	15.04072803	6776460.61	87607225.5	5.506885218	-0.03219425708	0.03219425708	0	32.61770475	0.5940792716
27	MBLG21_duringPush0007	161441	0.0003563629875	0.003093084961	0.002207987954	2.554607406e-05	0.001105579288	0.009853880998	0.01168312255	-0.03018772231	0.0005203904414	0.00706213478	0.3954574103	17.65530189	2690363.3	40037331.04	15.298813	-0.04621718476	0.04621718476	0	42.26361	3.84306251	|	MBLG21_beforePush0002	160427	MBLG21_duringPush0007	161441	arc_length	200	0.04593324383	0.3878024978	15.04072803	6776460.61	87607225.5	5.718688495	-0.03243738148	0.03243738148	0	32.82950803	0.6406527516
27	MBLG21_duringPush0007	161441	0.0003563629875	0.003093084961	0.002207987954	2.554607406e-05	0.001105579288	0.009853880998	0.01168312255	-0.03018772231	0.0005203904414	0.00706213478	0.3954574103	17.65530189	2690363.3	40037331.04	15.861645	-0.05279281999	0.05279281999	0	nan	nan	|	MBLG21_beforePush0002	160427	MBLG21_duringPush0007	161441	arc_length	200	0.04593324383	0.3878024978	15.04072803	6776460.61	87607225.5	5.930491773	-0.03268050588	0.03268050588	0	33.04131131	0.6889828254
27	MBLG21_duringPush0007	161441	0.0003563629875	0.003093084961	0.002207987954	2.554607406e-05	0.001105579288	0.009853880998	0.01168312255	-0.03018772231	0.0005203904414	0.00706213478	0.3954574103	17.65530189	2690363.3	40037331.04	16.629144	-0.01059360486	0.01059360486	0	nan	nan	|	MBLG21_beforePush0002	160427	MBLG21_duringPush0007	161441	arc_length	200	0.04593324383	0.3878024978	15.04072803	6776460.61	87607225.5	6.14229505	-0.02136782285	0.02136782285	0	33.25311458	0.7390693209
27	MBLG21_duringPush0007	161441	0.0003563629875	0.003093084961	0.002207987954	2.554607406e-05	0.001105579288	0.009853880998	0.01168312255	-0.03018772231	0.0005203904414	0.00706213478	0.3954574103	17.65530189	2690363.3	40037331.04	16.98731	0.03638889787	0.03638889787	0	nan	nan	|	MBLG21_beforePush0002	160427	MBLG21_duringPush0007	161441	arc_length	200	0.04593324383	0.3878024978	15.04072803	6776460.61	87607225.5	6.354098328	0.001779982457	0.001779982457	0	33.46491786	0.7909120467
27	MBLG21_duringPush0007	161441	0.0003563629875	0.003093084961	0.002207987954	2.554607406e-05	0.001105579288	0.009853880998	0.01168312255	-0.03018772231	0.0005203904414	0.00706213478	0.3954574103	17.65530189	2690363.3	40037331.04	17.550143	0.02981325096	0.02981325096	0	nan	nan	|	MBLG21_beforePush0002	160427	MBLG21_duringPush0007	161441	arc_length	200	0.04593324383	0.3878024978	15.04072803	6776460.61	87607225.5	6.565901606	0.01775934007	0.01775934007	0	33.67672114	0.8445107902
27	MBLG21_duringPush0007	161441	0.0003563629875	0.003093084961	0.002207987954	2.554607406e-05	0.001105579288	0.009853880998	0.01168312255	-0.03018772231	0.0005203904414	0.00706213478	0.3954574103	17.65530189	2690363.3	40037331.04	18.215309	0.02204203507	0.02204203507	0	nan	nan	|	MBLG21_beforePush0002	160427	MBLG21_duringPush0007	161441	arc_length	200	0.04593324383	0.3878024978	15.04072803	6776460.61	87607225.5	6.777704883	0.01751621567	0.01751621567	0	33.88852442	0.8998653169
27	MBLG21_duringPush0007	161441	0.0003563629875	0.003093084961	0.002207987954	2.554607406e-05	0.001105579288	0.009853880998	0.01168312255	-0.03018772231	0.0005203904414	0.00706213478	0.3954574103	17.65530189	2690363.3	40037331.04	18.931641	0.01367304053	0.01367304053	0	nan	nan	|	MBLG21_beforePush0002	160427	MBLG21_duringPush0007	161441	arc_length	200	0.04593324383	0.3878024978	15.04072803	6776460.61	87607225.5	6.989508161	0.01727309128	0.01727309128	0	34.10032769	0.9569753683
27	MBLG21_duringPush0007	161441	0.0003563629875	0.003093084961	0.002207987954	2.554607406e-05	0.001105579288	0.009853880998	0.01168312255	-0.03018772231	0.0005203904414	0.00706213478	0.3954574103	17.65530189	2690363.3	40037331.04	19.596807	0.005901824637	0.005901824637	0	nan	nan	|	MBLG21_beforePush0002	160427	MBLG21_duringPush0007	161441	arc_length	200	0.04593324383	0.3878024978	15.04072803	6776460.61	87607225.5	7.201311438	0.01702996688	0.01702996688	0	34.31213097	1.01584066
27	MBLG21_duringPush0007	161441	0.0003563629875	0.003093084961	0.002207987954	2.554607406e-05	0.001105579288	0.009853880998	0.01168312255	-0.03018772231	0.0005203904414	0.00706213478	0.3954574103	17.65530189	2690363.3	40037331.04	20.364306	-0.003064960233	0.003064960233	0	nan	nan	|	MBLG21_beforePush0002	160427	MBLG21_duringPush0007	161441	arc_length	200	0.04593324383	0.3878024978	15.04072803	6776460.61	87607225.5	7.413114716	0.02099521669	0.02099521669	0	34.52393425	1.076460882
27	MBLG21_duringPush0007	161441	0.0003563629875	0.003093084961	0.002207987954	2.554607406e-05	0.001105579288	0.009853880998	0.01168312255	-0.03018772231	0.0005203904414	0.00706213478	0.3954574103	17.65530189	2690363.3	40037331.04	21.029472	-0.01083617612	0.01083617612	0	nan	nan	|	MBLG21_beforePush0002	160427	MBLG21_duringPush0007	161441	arc_length	200	0.04593324383	0.3878024978	15.04072803	6776460.61	87607225.5	7.624917994	0.04182866195	0.04182866195	0	34.73573753	1.138835695
27	MBLG21_duringPush0007	161441	0.0003563629875	0.003093084961	0.002207987954	2.554607406e-05	0.001105579288	0.009853880998	0.01168312255	-0.03018772231	0.0005203904414	0.00706213478	0.3954574103	17.65530189	2690363.3	40037331.04	21.745804	-0.01920517066	0.01920517066	0	nan	nan	|	MBLG21_beforePush0002	160427	MBLG21_duringPush0007	161441	arc_length	200	0.04593324383	0.3878024978	15.04072803	6776460.61	87607225.5	7.836721271	0.06266210722	0.06266210722	0	34.9475408	1.202964728
27	MBLG21_duringPush0007	161441	0.0003563629875	0.003093084961	0.002207987954	2.554607406e-05	0.001105579288	0.009853880998	0.01168312255	-0.03018772231	0.0005203904414	0.00706213478	0.3954574103	17.65530189	2690363.3	40037331.04	22.155137	0.02717954174	0.02717954174	0	nan	nan	|	MBLG21_beforePush0002	160427	MBLG21_duringPush0007	161441	arc_length	200	0.04593324383	0.3878024978	15.04072803	6776460.61	87607225.5	8.048524549	0.06722736497	0.06722736497	0	35.15934408	1.268847581
27	MBLG21_duringPush0007	161441	0.0003563629875	0.003093084961	0.002207987954	2.554607406e-05	0.001105579288	0.009853880998	0.01168312255	-0.03018772231	0.0005203904414	0.00706213478	0.3954574103	17.65530189	2690363.3	40037331.04	22.71797	0.02060389482	0.02060389482	0	nan	nan	|	MBLG21_beforePush0002	160427	MBLG21_duringPush0007	161441	arc_length	200	0.04593324383	0.3878024978	15.04072803	6776460.61	87607225.5	8.260327826	0.06698424057	0.06698424057	0	35.37114736	1.336483816
27	MBLG21_duringPush0007	161441	0.0003563629875	0.003093084961	0.002207987954	2.554607406e-05	0.001105579288	0.009853880998	0.01168312255	-0.03018772231	0.0005203904414	0.00706213478	0.3954574103	17.65530189	2690363.3	40037331.04	23.383135	0.01283269062	0.01283269062	0	nan	nan	|	MBLG21_beforePush0002	160427	MBLG21_duringPush0007	161441	arc_length	200	0.04593324383	0.3878024978	15.04072803	6776460.61	87607225.5	8.472131104	0.06674111617	0.06674111617	0	35.58295064	1.405872964
27	MBLG21_duringPush0007	161441	0.0003563629875	0.003093084961	0.002207987954	2.554607406e-05	0.001105579288	0.009853880998	0.01168312255	-0.03018772231	0.0005203904414	0.00706213478	0.3954574103	17.65530189	2690363.3	40037331.04	23.997134	0.005659265057	0.005659265057	0	nan	nan	|	MBLG21_beforePush0002	160427	MBLG21_duringPush0007	161441	arc_length	200	0.04593324383	0.3878024978	15.04072803	6776460.61	87607225.5	8.683934382	0.06649799177	0.06649799177	0	35.79475391	1.477014515
27	MBLG21_duringPush0007	161441	0.0003563629875	0.003093084961	0.002207987954	2.554607406e-05	0.001105579288	0.009853880998	0.01168312255	-0.03018772231	0.0005203904414	0.00706213478	0.3954574103	17.65530189	2690363.3	40037331.04	24.611134	0.04965182781	0.04965182781	0	nan	nan	|	MBLG21_beforePush0002	160427	MBLG21_duringPush0007	161441	arc_length	200	0.04593324383	0.3878024978	15.04072803	6776460.61	87607225.5	8.895737659	0.06625486737	0.06625486737	0	36.00655719	1.54990792
27	MBLG21_duringPush0007	161441	0.0003563629875	0.003093084961	0.002207987954	2.554607406e-05	0.001105579288	0.009853880998	0.01168312255	-0.03018772231	0.0005203904414	0.00706213478	0.3954574103	17.65530189	2690363.3	40037331.04	25.327466	0.04128283327	0.04128283327	2.641297566e-05	nan	nan	|	MBLG21_beforePush0002	160427	MBLG21_duringPush0007	161441	arc_length	200	0.04593324383	0.3878024978	15.04072803	6776460.61	87607225.5	9.107540937	0.06601174297	0.06601174297	0	36.21836047	1.62455259
27	MBLG21_duringPush0007	161441	0.0003563629875	0.003093084961	0.002207987954	2.554607406e-05	0.001105579288	0.009853880998	0.01168312255	-0.03018772231	0.0005203904414	0.00706213478	0.3954574103	17.65530189	2690363.3	40037331.04	26.043798	0.03291383874	0.03291383874	0.0002113038053	nan	nan	|	MBLG21_beforePush0002	160427	MBLG21_duringPush0007	161441	arc_length	200	0.04593324383	0.3878024978	15.04072803	6776460.61	87607225.5	9.319344214	0.06576861857	0.06576861857	0	36.43016375	1.700947891
27	MBLG21_duringPush0007	161441	0.0003563629875	0.003093084961	0.002207987954	2.554607406e-05	0.001105579288	0.009853880998	0.01168312255	-0.03018772231	0.0005203904414	0.00706213478	0.3954574103	17.65530189	2690363.3	40037331.04	26.504298	-0.0236322392	0.0236322392	0.0004875722571	nan	nan	|	MBLG21_beforePush0002	160427	MBLG21_duringPush0007	161441	arc_length	200	0.04593324383	0.3878024978	15.04072803	6776460.61	87607225.5	9.531147492	0.06552549418	0.06552549418	0	36.64196702	1.779093144
27	MBLG21_duringPush0007	161441	0.0003563629875	0.003093084961	0.002207987954	2.554607406e-05	0.001105579288	0.009853880998	0.01168312255	-0.03018772231	0.0005203904414	0.00706213478	0.3954574103	17.65530189	2690363.3	40037331.04	26.913631	0.0739184732	0.0739184732	0.0008771452039	nan	nan	|	MBLG21_beforePush0002	160427	MBLG21_duringPush0007	161441	arc_length	200	0.04593324383	0.3878024978	15.04072803	6776460.61	87607225.5	9.74295077	0.06528236978	0.06528236978	0	36.8537703	1.858987623
27	MBLG21_duringPush0007	161441	0.0003563629875	0.003093084961	0.002207987954	2.554607406e-05	0.001105579288	0.009853880998	0.01168312255	-0.03018772231	0.0005203904414	0.00706213478	0.3954574103	17.65530189	2690363.3	40037331.04	27.629963	0.1167154787	0.1167154787	0.001976923273	nan	nan	|	MBLG21_beforePush0002	160427	MBLG21_duringPush0007	161441	arc_length	200	0.04593324383	0.3878024978	15.04072803	6776460.61	87607225.5	9.954754047	0.06503924538	0.06503924538	0	37.06557358	1.940630551
27	MBLG21_duringPush0007	161441	0.0003563629875	0.003093084961	0.002207987954	2.554607406e-05	0.001105579288	0.009853880998	0.01168312255	-0.03018772231	0.0005203904414	0.00706213478	0.3954574103	17.65530189	2690363.3	40037331.04	28.243962	0.0583760531	0.0583760531	0.003445155133	nan	nan	|	MBLG21_beforePush0002	160427	MBLG21_duringPush0007	161441	arc_length	200	0.04593324383	0.3878024978	15.04072803	6776460.61	87607225.5	10.16655732	0.06479612098	0.06479612098	0	37.27737686	2.024021099
27	MBLG21_duringPush0007	161441	0.0003563629875	0.003093084961	0.002207987954	2.554607406e-05	0.001105579288	0.009853880998	0.01168312255	-0.03018772231	0.0005203904414	0.00706213478	0.3954574103	17.65530189	2690363.3	40037331.04	28.857961	0.05120262754	0.05120262754	0.005503867668	nan	nan	|	MBLG21_beforePush0002	160427	MBLG21_duringPush0007	161441	arc_length	200	0.04593324383	0.3878024978	15.04072803	6776460.61	87607225.5	10.3783606	0.06467057766	0.06467057766	0	37.48918013	2.109158384
27	MBLG21_duringPush0007	161441	0.0003563629875	0.003093084961	0.002207987954	2.554607406e-05	0.001105579288	0.009853880998	0.01168312255	-0.03018772231	0.0005203904414	0.00706213478	0.3954574103	17.65530189	2690363.3	40037331.04	29.523127	0.04343141165	0.04343141165	0.00851623215	nan	nan	|	MBLG21_beforePush0002	160427	MBLG21_duringPush0007	161441	arc_length	200	0.04593324383	0.3878024978	15.04072803	6776460.61	87607225.5	10.59016388	0.05698437369	0.05698437369	0	37.70098341	2.196041468
27	MBLG21_duringPush0007	161441	0.0003563629875	0.003093084961	0.002207987954	2.554607406e-05	0.001105579288	0.009853880998	0.01168312255	-0.03018772231	0.0005203904414	0.00706213478	0.3954574103	17.65530189	2690363.3	40037331.04	30.239459	0.03506241711	0.03506241711	0.01281184795	nan	nan	|	MBLG21_beforePush0002	160427	MBLG21_duringPush0007	161441	arc_length	200	0.04593324383	0.3878024978	15.04072803	6776460.61	87607225.5	10.80196716	0.03921688607	0.03921688607	0	37.91278669	2.284669352
27	MBLG21_duringPush0007	161441	0.0003563629875	0.003093084961	0.002207987954	2.554607406e-05	0.001105579288	0.009853880998	0.01168312255	-0.03018772231	0.0005203904414	0.00706213478	0.3954574103	17.65530189	2690363.3	40037331.04	31.109292	0.1784000516	0.1784000516	0.01971719241	nan	nan	|	MBLG21_beforePush0002	160427	MBLG21_duringPush0007	161441	arc_length	200	0.04593324383	0.3878024978	15.04072803	6776460.61	87607225.5	11.01377044	0.02143753584	0.02143753584	0	38.12458997	2.375040975
27	MBLG21_duringPush0007	161441	0.0003563629875	0.003093084961	0.002207987954	2.554607406e-05	0.001105579288	0.009853880998	0.01168312255	-0.03018772231	0.0005203904414	0.00706213478	0.3954574103	17.65530189	2690363.3	40037331.04	31.620958	0.121255195	0.121255195	0.02475116333	nan	nan	|	MBLG21_beforePush0002	160427	MBLG21_duringPush0007	161441	arc_length	200	0.04593324383	0.3878024978	15.04072803	6776460.61	87607225.5	11.22557371	-0.00278583861	0.00278583861	0	38.33639325	2.467155215
27	MBLG21_duringPush0007	161441	0.0003563629875	0.003093084961	0.002207987954	2.554607406e-05	0.001105579288	0.009853880998	0.01168312255	-0.03018772231	0.0005203904414	0.00706213478	0.3954574103	17.65530189	2690363.3	40037331.04	32.081457	0.1158751288	0.1158751288	0.02995659269	nan	nan	|	MBLG21_beforePush0002	160427	MBLG21_duringPush0007	161441	arc_length	200	0.04593324383	0.3878024978	15.04072803	6776460.61	87607225.5	11.43737699	-0.03292035234	0.03292035234	0	38.54819652	2.561010882
27	MBLG21_duringPush0007	161441	0.0003563629875	0.003093084961	0.002207987954	2.554607406e-05	0.001105579288	0.009853880998	0.01168312255	-0.03018772231	0.0005203904414	0.00706213478	0.3954574103	17.65530189	2690363.3	40037331.04	32.746623	0.1592709129	0.1592709129	0.03869236363	nan	nan	|	MBLG21_beforePush0002	160427	MBLG21_duringPush0007	161441	arc_length	200	0.04593324383	0.3878024978	15.04072803	6776460.61	87607225.5	11.64918027	-0.06320724842	0.06320724842	0	38.7599998	2.656606719
27	MBLG21_duringPush0007	161441	0.0003563629875	0.003093084961	0.002207987954	2.554607406e-05	0.001105579288	0.009853880998	0.01168312255	-0.03018772231	0.0005203904414	0.00706213478	0.3954574103	17.65530189	2690363.3	40037331.04	33.411789	0.100332697	0.100332697	0.04898005437	nan	nan	|	MBLG21_beforePush0002	160427	MBLG21_duringPush0007	161441	arc_length	200	0.04593324383	0.3878024978	15.04072803	6776460.61	87607225.5	11.86098355	-0.08915268642	0.08915268642	0	38.97180308	2.753941395
27	MBLG21_duringPush0007	161441	0.0003563629875	0.003093084961	0.002207987954	2.554607406e-05	0.001105579288	0.009853880998	0.01168312255	-0.03018772231	0.0005203904414	0.00706213478	0.3954574103	17.65530189	2690363.3	40037331.04	34.128121	0.1942967024	0.1942967024	0.06194021411	nan	nan	|	MBLG21_beforePush0002	160427	MBLG21_duringPush0007	161441	arc_length	200	0.04593324383	0.3878024978	15.04072803	6776460.61	87607225.5	12.07278682	-0.07492206241	0.07492206241	0	39.18360636	2.853013508
27	MBLG21_duringPush0007	161441	0.0003563629875	0.003093084961	0.002207987954	2.554607406e-05	0.001105579288	0.009853880998	0.01168312255	-0.03018772231	0.0005203904414	0.00706213478	0.3954574103	17.65530189	2690363.3	40037331.04	34.793287	0.1865254865	0.1865254865	0.0758565575	nan	nan	|	MBLG21_beforePush0002	160427	MBLG21_duringPush0007	161441	arc_length	200	0.04593324383	0.3878024978	15.04072803	6776460.61	87607225.5	12.2845901	-0.06107560349	0.06107560349	0	39.39540963	2.953821579
27	MBLG21_duringPush0007	161441	0.0003563629875	0.003093084961	0.002207987954	2.554607406e-05	0.001105579288	0.009853880998	0.01168312255	-0.03018772231	0.0005203904414	0.00706213478	0.3954574103	17.65530189	2690363.3	40037331.04	35.560786	0.1775587017	0.1775587017	0.09433551488	nan	nan	|	MBLG21_beforePush0002	160427	MBLG21_duringPush0007	161441	arc_length	200	0.04593324383	0.3878024978	15.04072803	6776460.61	87607225.5	12.49639338	-0.04733277633	0.04733277633	0	39.60721291	3.056364049
27	MBLG21_duringPush0007	161441	0.0003563629875	0.003093084961	0.002207987954	2.554607406e-05	0.001105579288	0.009853880998	0.01168312255	-0.03018772231	0.0005203904414	0.00706213478	0.3954574103	17.65530189	2690363.3	40037331.04	36.379451	0.1679941382	0.1679941382	0.1171163015	nan	nan	|	MBLG21_beforePush0002	160427	MBLG21_duringPush0007	161441	arc_length	200	0.04593324383	0.3878024978	15.04072803	6776460.61	87607225.5	12.70819666	-0.04037864839	0.04037864839	0	39.81901619	3.160639279
27	MBLG21_duringPush0007	161441	0.0003563629875	0.003093084961	0.002207987954	2.554607406e-05	0.001105579288	0.009853880998	0.01168312255	-0.03018772231	0.0005203904414	0.00706213478	0.3954574103	17.65530189	2690363.3	40037331.04	37.14695	0.1590273533	0.1590273533	0.1415572447	nan	nan	|	MBLG21_beforePush0002	160427	MBLG21_duringPush0007	161441	arc_length	200	0.04593324383	0.3878024978	15.04072803	6776460.61	87607225.5	12.91999993	-0.0406974962	0.0406974962	0	40.03081947	3.266645544
27	MBLG21_duringPush0007	161441	0.0003563629875	0.003093084961	0.002207987954	2.554607406e-05	0.001105579288	0.009853880998	0.01168312255	-0.03018772231	0.0005203904414	0.00706213478	0.3954574103	17.65530189	2690363.3	40037331.04	37.812116	0.2535891374	0.2535891374	0.1653076647	nan	nan	|	MBLG21_beforePush0002	160427	MBLG21_duringPush0007	161441	arc_length	200	0.04593324383	0.3878024978	15.04072803	6776460.61	87607225.5	13.13180321	-0.0409406206	0.0409406206	0	40.24262274	3.374381033
27	MBLG21_duringPush0007	161441	0.0003563629875	0.003093084961	0.002207987954	2.554607406e-05	0.001105579288	0.009853880998	0.01168312255	-0.03018772231	0.0005203904414	0.00706213478	0.3954574103	17.65530189	2690363.3	40037331.04	38.630782	0.2440245622	0.2440245622	0.1980093066	nan	nan	|	MBLG21_beforePush0002	160427	MBLG21_duringPush0007	161441	arc_length	200	0.04593324383	0.3878024978	15.04072803	6776460.61	87607225.5	13.34360649	-0.041183745	0.041183745	0	40.45442602	3.483843845
27	MBLG21_duringPush0007	161441	0.0003563629875	0.003093084961	0.002207987954	2.554607406e-05	0.001105579288	0.009853880998	0.01168312255	-0.03018772231	0.0005203904414	0.00706213478	0.3954574103	17.65530189	2690363.3	40037331.04	39.449447	0.2856269987	0.2856269987	0.2347620307	nan	nan	|	MBLG21_beforePush0002	160427	MBLG21_duringPush0007	161441	arc_length	200	0.04593324383	0.3878024978	15.04072803	6776460.61	87607225.5	13.55540977	-0.0414268694	0.0414268694	0	40.6662293	3.595031986
27	MBLG21_duringPush0007	161441	0.0003563629875	0.003093084961	0.002207987954	2.554607406e-05	0.001105579288	0.009853880998	0.01168312255	-0.03018772231	0.0005203904414	0.00706213478	0.3954574103	17.65530189	2690363.3	40037331.04	40.16578	0.2260909924	0.2260909924	0.270429876	nan	nan	|	MBLG21_beforePush0002	160427	MBLG21_duringPush0007	161441	arc_length	200	0.04593324383	0.3878024978	15.04072803	6776460.61	87607225.5	13.76721304	-0.04166999379	0.04166999379	0	40.87803258	3.707943368
27	MBLG21_duringPush0007	161441	0.0003563629875	0.003093084961	0.002207987954	2.554607406e-05	0.001105579288	0.009853880998	0.01168312255	-0.03018772231	0.0005203904414	0.00706213478	0.3954574103	17.65530189	2690363.3	40037331.04	40.779779	0.2700845669	0.2700845669	0.3037352181	nan	nan	|	MBLG21_beforePush0002	160427	MBLG21_duringPush0007	161441	arc_length	200	0.04593324383	0.3878024978	15.04072803	6776460.61	87607225.5	13.97901632	-0.04191311819	0.04191311819	0	41.08983585	3.822575802
27	MBLG21_duringPush0007	161441	0.0003563629875	0.003093084961	0.002207987954	2.554607406e-05	0.001105579288	0.009853880998	0.01168312255	-0.03018772231	0.0005203904414	0.00706213478	0.3954574103	17.65530189	2690363.3	40037331.04	41.240278	0.3158715006	0.3158715006	0.3304334131	nan	nan	|	MBLG21_beforePush0002	160427	MBLG21_duringPush0007	161441	arc_length	200	0.04593324383	0.3878024978	15.04072803	6776460.61	87607225.5	14.1908196	-0.04215624259	0.04215624259	0	41.30163913	3.938927
27	MBLG21_duringPush0007	161441	0.0003563629875	0.003093084961	0.002207987954	2.554607406e-05	0.001105579288	0.009853880998	0.01168312255	-0.03018772231	0.0005203904414	0.00706213478	0.3954574103	17.65530189	2690363.3	40037331.04	41.854277	0.3086980751	0.3086980751	0.368403344	nan	nan	|	MBLG21_beforePush0002	160427	MBLG21_duringPush0007	161441	arc_length	200	0.04593324383	0.3878024978	15.04072803	6776460.61	87607225.5	14.40262288	-0.04239936699	0.04239936699	0	41.51344241	4.056994568
27	MBLG21_duringPush0007	161441	0.0003563629875	0.003093084961	0.002207987954	2.554607406e-05	0.001105579288	0.009853880998	0.01168312255	-0.03018772231	0.0005203904414	0.00706213478	0.3954574103	17.65530189	2690363.3	40037331.04	42.26361	0.3039157875	0.3039157875	0.3952675512	nan	nan	|	MBLG21_beforePush0002	160427	MBLG21_duringPush0007	161441	arc_length	200	0.04593324383	0.3878024978	15.04072803	6776460.61	87607225.5	14.61442615	-0.04264249139	0.04264249139	0	41.72524569	4.176776009
27	nan	nan	nan	nan	nan	nan	nan	nan	nan	nan	nan	nan	nan	nan	nan	nan	nan	nan	nan	nan	nan	nan	|	MBLG21_beforePush0002	160427	MBLG21_duringPush0007	161441	arc_length	200	0.04593324383	0.3878024978	15.04072803	6776460.61	87607225.5	14.82622943	-0.04290266097	0.04290266097	0	41.93704896	4.29826871
27	nan	nan	nan	nan	nan	nan	nan	nan	nan	nan	nan	nan	nan	nan	nan	nan	nan	nan	nan	nan	nan	nan	|	MBLG21_beforePush0002	160427	MBLG21_duringPush0007	161441	arc_length	200	0.04593324383	0.3878024978	15.04072803	6776460.61	87607225.5	15.03803271	-0.04510562348	0.04510562348	0	42.14885224	4.421469951
27	nan	nan	nan	nan	nan	nan	nan	nan	nan	nan	nan	nan	nan	nan	nan	nan	nan	nan	nan	nan	nan	nan	|	MBLG21_beforePush0002	160427	MBLG21_duringPush0007	161441	arc_length	200	0.04593324383	0.3878024978	15.04072803	6776460.61	87607225.5	15.24983599	-0.06048715532	0.06048715532	0	nan	nan
27	nan	nan	nan	nan	nan	nan	nan	nan	nan	nan	nan	nan	nan	nan	nan	nan	nan	nan	nan	nan	nan	nan	|	MBLG21_beforePush0002	160427	MBLG21_duringPush0007	161441	arc_length	200	0.04593324383	0.3878024978	15.04072803	6776460.61	87607225.5	15.46163926	-0.07582013637	0.07582013637	0	nan	nan
27	nan	nan	nan	nan	nan	nan	nan	nan	nan	nan	nan	nan	nan	nan	nan	nan	nan	nan	nan	nan	nan	nan	|	MBLG21_beforePush0002	160427	MBLG21_duringPush0007	161441	arc_length	200	0.04593324383	0.3878024978	15.04072803	6776460.61	87607225.5	15.67344254	-0.09114351085	0.09114351085	0	nan	nan
27	nan	nan	nan	nan	nan	nan	nan	nan	nan	nan	nan	nan	nan	nan	nan	nan	nan	nan	nan	nan	nan	nan	|	MBLG21_beforePush0002	160427	MBLG21_duringPush0007	161441	arc_length	200	0.04593324383	0.3878024978	15.04072803	6776460.61	87607225.5	15.88524582	-0.09410748799	0.09410748799	0	nan	nan
27	nan	nan	nan	nan	nan	nan	nan	nan	nan	nan	nan	nan	nan	nan	nan	nan	nan	nan	nan	nan	nan	nan	|	MBLG21_beforePush0002	160427	MBLG21_duringPush0007	161441	arc_length	200	0.04593324383	0.3878024978	15.04072803	6776460.61	87607225.5	16.0970491	-0.08021037689	0.08021037689	0	nan	nan
27	nan	nan	nan	nan	nan	nan	nan	nan	nan	nan	nan	nan	nan	nan	nan	nan	nan	nan	nan	nan	nan	nan	|	MBLG21_beforePush0002	160427	MBLG21_duringPush0007	161441	arc_length	200	0.04593324383	0.3878024978	15.04072803	6776460.61	87607225.5	16.30885238	-0.06634337204	0.06634337204	0	nan	nan
27	nan	nan	nan	nan	nan	nan	nan	nan	nan	nan	nan	nan	nan	nan	nan	nan	nan	nan	nan	nan	nan	nan	|	MBLG21_beforePush0002	160427	MBLG21_duringPush0007	161441	arc_length	200	0.04593324383	0.3878024978	15.04072803	6776460.61	87607225.5	16.52065565	-0.05052184958	0.05052184958	0	nan	nan
27	nan	nan	nan	nan	nan	nan	nan	nan	nan	nan	nan	nan	nan	nan	nan	nan	nan	nan	nan	nan	nan	nan	|	MBLG21_beforePush0002	160427	MBLG21_duringPush0007	161441	arc_length	200	0.04593324383	0.3878024978	15.04072803	6776460.61	87607225.5	16.73245893	-0.01311942865	0.01311942865	0	nan	nan
27	nan	nan	nan	nan	nan	nan	nan	nan	nan	nan	nan	nan	nan	nan	nan	nan	nan	nan	nan	nan	nan	nan	|	MBLG21_beforePush0002	160427	MBLG21_duringPush0007	161441	arc_length	200	0.04593324383	0.3878024978	15.04072803	6776460.61	87607225.5	16.94426221	0.03259014956	0.03259014956	0	nan	nan
27	nan	nan	nan	nan	nan	nan	nan	nan	nan	nan	nan	nan	nan	nan	nan	nan	nan	nan	nan	nan	nan	nan	|	MBLG21_beforePush0002	160427	MBLG21_duringPush0007	161441	arc_length	200	0.04593324383	0.3878024978	15.04072803	6776460.61	87607225.5	17.15606549	0.05616195394	0.05616195394	0	nan	nan
27	nan	nan	nan	nan	nan	nan	nan	nan	nan	nan	nan	nan	nan	nan	nan	nan	nan	nan	nan	nan	nan	nan	|	MBLG21_beforePush0002	160427	MBLG21_duringPush0007	161441	arc_length	200	0.04593324383	0.3878024978	15.04072803	6776460.61	87607225.5	17.36786876	0.05653995528	0.05653995528	0	nan	nan
27	nan	nan	nan	nan	nan	nan	nan	nan	nan	nan	nan	nan	nan	nan	nan	nan	nan	nan	nan	nan	nan	nan	|	MBLG21_beforePush0002	160427	MBLG21_duringPush0007	161441	arc_length	200	0.04593324383	0.3878024978	15.04072803	6776460.61	87607225.5	17.57967204	0.05629282926	0.05629282926	0	nan	nan
27	nan	nan	nan	nan	nan	nan	nan	nan	nan	nan	nan	nan	nan	nan	nan	nan	nan	nan	nan	nan	nan	nan	|	MBLG21_beforePush0002	160427	MBLG21_duringPush0007	161441	arc_length	200	0.04593324383	0.3878024978	15.04072803	6776460.61	87607225.5	17.79147532	0.05597227903	0.05597227903	0	nan	nan
27	nan	nan	nan	nan	nan	nan	nan	nan	nan	nan	nan	nan	nan	nan	nan	nan	nan	nan	nan	nan	nan	nan	|	MBLG21_beforePush0002	160427	MBLG21_duringPush0007	161441	arc_length	200	0.04593324383	0.3878024978	15.04072803	6776460.61	87607225.5	18.0032786	0.04537339478	0.04537339478	0	nan	nan
27	nan	nan	nan	nan	nan	nan	nan	nan	nan	nan	nan	nan	nan	nan	nan	nan	nan	nan	nan	nan	nan	nan	|	MBLG21_beforePush0002	160427	MBLG21_duringPush0007	161441	arc_length	200	0.04593324383	0.3878024978	15.04072803	6776460.61	87607225.5	18.21508187	0.02742964821	0.02742964821	0	nan	nan
27	nan	nan	nan	nan	nan	nan	nan	nan	nan	nan	nan	nan	nan	nan	nan	nan	nan	nan	nan	nan	nan	nan	|	MBLG21_beforePush0002	160427	MBLG21_duringPush0007	161441	arc_length	200	0.04593324383	0.3878024978	15.04072803	6776460.61	87607225.5	18.42688515	0.009740159785	0.009740159785	0	nan	nan
27	nan	nan	nan	nan	nan	nan	nan	nan	nan	nan	nan	nan	nan	nan	nan	nan	nan	nan	nan	nan	nan	nan	|	MBLG21_beforePush0002	160427	MBLG21_duringPush0007	161441	arc_length	200	0.04593324383	0.3878024978	15.04072803	6776460.61	87607225.5	18.63868843	0.003845071743	0.003845071743	0	nan	nan
27	nan	nan	nan	nan	nan	nan	nan	nan	nan	nan	nan	nan	nan	nan	nan	nan	nan	nan	nan	nan	nan	nan	|	MBLG21_beforePush0002	160427	MBLG21_duringPush0007	161441	arc_length	200	0.04593324383	0.3878024978	15.04072803	6776460.61	87607225.5	18.85049171	0.003667082868	0.003667082868	0	nan	nan
27	nan	nan	nan	nan	nan	nan	nan	nan	nan	nan	nan	nan	nan	nan	nan	nan	nan	nan	nan	nan	nan	nan	|	MBLG21_beforePush0002	160427	MBLG21_duringPush0007	161441	arc_length	200	0.04593324383	0.3878024978	15.04072803	6776460.61	87607225.5	19.06229498	0.00342395847	0.00342395847	0	nan	nan
27	nan	nan	nan	nan	nan	nan	nan	nan	nan	nan	nan	nan	nan	nan	nan	nan	nan	nan	nan	nan	nan	nan	|	MBLG21_beforePush0002	160427	MBLG21_duringPush0007	161441	arc_length	200	0.04593324383	0.3878024978	15.04072803	6776460.61	87607225.5	19.27409826	0.003180834071	0.003180834071	0	nan	nan
27	nan	nan	nan	nan	nan	nan	nan	nan	nan	nan	nan	nan	nan	nan	nan	nan	nan	nan	nan	nan	nan	nan	|	MBLG21_beforePush0002	160427	MBLG21_duringPush0007	161441	arc_length	200	0.04593324383	0.3878024978	15.04072803	6776460.61	87607225.5	19.48590154	0.002937709673	0.002937709673	0	nan	nan
27	nan	nan	nan	nan	nan	nan	nan	nan	nan	nan	nan	nan	nan	nan	nan	nan	nan	nan	nan	nan	nan	nan	|	MBLG21_beforePush0002	160427	MBLG21_duringPush0007	161441	arc_length	200	0.04593324383	0.3878024978	15.04072803	6776460.61	87607225.5	19.69770482	0.002488967257	0.002488967257	0	nan	nan
27	nan	nan	nan	nan	nan	nan	nan	nan	nan	nan	nan	nan	nan	nan	nan	nan	nan	nan	nan	nan	nan	nan	|	MBLG21_beforePush0002	160427	MBLG21_duringPush0007	161441	arc_length	200	0.04593324383	0.3878024978	15.04072803	6776460.61	87607225.5	19.90950809	-0.01632977095	0.01632977095	0	nan	nan
27	nan	nan	nan	nan	nan	nan	nan	nan	nan	nan	nan	nan	nan	nan	nan	nan	nan	nan	nan	nan	nan	nan	|	MBLG21_beforePush0002	160427	MBLG21_duringPush0007	161441	arc_length	200	0.04593324383	0.3878024978	15.04072803	6776460.61	87607225.5	20.12131137	-0.03759995855	0.03759995855	0	nan	nan
27	nan	nan	nan	nan	nan	nan	nan	nan	nan	nan	nan	nan	nan	nan	nan	nan	nan	nan	nan	nan	nan	nan	|	MBLG21_beforePush0002	160427	MBLG21_duringPush0007	161441	arc_length	200	0.04593324383	0.3878024978	15.04072803	6776460.61	87607225.5	20.33311465	-0.04938400644	0.04938400644	0	nan	nan
27	nan	nan	nan	nan	nan	nan	nan	nan	nan	nan	nan	nan	nan	nan	nan	nan	nan	nan	nan	nan	nan	nan	|	MBLG21_beforePush0002	160427	MBLG21_duringPush0007	161441	arc_length	200	0.04593324383	0.3878024978	15.04072803	6776460.61	87607225.5	20.54491793	-0.04944491232	0.04944491232	0	nan	nan
27	nan	nan	nan	nan	nan	nan	nan	nan	nan	nan	nan	nan	nan	nan	nan	nan	nan	nan	nan	nan	nan	nan	|	MBLG21_beforePush0002	160427	MBLG21_duringPush0007	161441	arc_length	200	0.04593324383	0.3878024978	15.04072803	6776460.61	87607225.5	20.7567212	-0.04968803672	0.04968803672	0	nan	nan
27	nan	nan	nan	nan	nan	nan	nan	nan	nan	nan	nan	nan	nan	nan	nan	nan	nan	nan	nan	nan	nan	nan	|	MBLG21_beforePush0002	160427	MBLG21_duringPush0007	161441	arc_length	200	0.04593324383	0.3878024978	15.04072803	6776460.61	87607225.5	20.96852448	-0.04993116112	0.04993116112	0	nan	nan
27	nan	nan	nan	nan	nan	nan	nan	nan	nan	nan	nan	nan	nan	nan	nan	nan	nan	nan	nan	nan	nan	nan	|	MBLG21_beforePush0002	160427	MBLG21_duringPush0007	161441	arc_length	200	0.04593324383	0.3878024978	15.04072803	6776460.61	87607225.5	21.18032776	-0.05017428552	0.05017428552	0	nan	nan
27	nan	nan	nan	nan	nan	nan	nan	nan	nan	nan	nan	nan	nan	nan	nan	nan	nan	nan	nan	nan	nan	nan	|	MBLG21_beforePush0002	160427	MBLG21_duringPush0007	161441	arc_length	200	0.04593324383	0.3878024978	15.04072803	6776460.61	87607225.5	21.39213104	-0.05041740991	0.05041740991	0	nan	nan
27	nan	nan	nan	nan	nan	nan	nan	nan	nan	nan	nan	nan	nan	nan	nan	nan	nan	nan	nan	nan	nan	nan	|	MBLG21_beforePush0002	160427	MBLG21_duringPush0007	161441	arc_length	200	0.04593324383	0.3878024978	15.04072803	6776460.61	87607225.5	21.60393432	-0.05066053431	0.05066053431	0	nan	nan
27	nan	nan	nan	nan	nan	nan	nan	nan	nan	nan	nan	nan	nan	nan	nan	nan	nan	nan	nan	nan	nan	nan	|	MBLG21_beforePush0002	160427	MBLG21_duringPush0007	161441	arc_length	200	0.04593324383	0.3878024978	15.04072803	6776460.61	87607225.5	21.81573759	-0.04355926096	0.04355926096	0	nan	nan
27	nan	nan	nan	nan	nan	nan	nan	nan	nan	nan	nan	nan	nan	nan	nan	nan	nan	nan	nan	nan	nan	nan	|	MBLG21_beforePush0002	160427	MBLG21_duringPush0007	161441	arc_length	200	0.04593324383	0.3878024978	15.04072803	6776460.61	87607225.5	22.02754087	-0.0175293723	0.0175293723	0	nan	nan
27	nan	nan	nan	nan	nan	nan	nan	nan	nan	nan	nan	nan	nan	nan	nan	nan	nan	nan	nan	nan	nan	nan	|	MBLG21_beforePush0002	160427	MBLG21_duringPush0007	161441	arc_length	200	0.04593324383	0.3878024978	15.04072803	6776460.61	87607225.5	22.23934415	-0.0002192845766	0.0002192845766	0	nan	nan
27	nan	nan	nan	nan	nan	nan	nan	nan	nan	nan	nan	nan	nan	nan	nan	nan	nan	nan	nan	nan	nan	nan	|	MBLG21_beforePush0002	160427	MBLG21_duringPush0007	161441	arc_length	200	0.04593324383	0.3878024978	15.04072803	6776460.61	87607225.5	22.45114743	-0.0004624089752	0.0004624089752	0	nan	nan
27	nan	nan	nan	nan	nan	nan	nan	nan	nan	nan	nan	nan	nan	nan	nan	nan	nan	nan	nan	nan	nan	nan	|	MBLG21_beforePush0002	160427	MBLG21_duringPush0007	161441	arc_length	200	0.04593324383	0.3878024978	15.04072803	6776460.61	87607225.5	22.6629507	-0.0007055333737	0.0007055333737	0	nan	nan
27	nan	nan	nan	nan	nan	nan	nan	nan	nan	nan	nan	nan	nan	nan	nan	nan	nan	nan	nan	nan	nan	nan	|	MBLG21_beforePush0002	160427	MBLG21_duringPush0007	161441	arc_length	200	0.04593324383	0.3878024978	15.04072803	6776460.61	87607225.5	22.87475398	-0.0009486577723	0.0009486577723	0	nan	nan
27	nan	nan	nan	nan	nan	nan	nan	nan	nan	nan	nan	nan	nan	nan	nan	nan	nan	nan	nan	nan	nan	nan	|	MBLG21_beforePush0002	160427	MBLG21_duringPush0007	161441	arc_length	200	0.04593324383	0.3878024978	15.04072803	6776460.61	87607225.5	23.08655726	-0.001191782171	0.001191782171	0	nan	nan
27	nan	nan	nan	nan	nan	nan	nan	nan	nan	nan	nan	nan	nan	nan	nan	nan	nan	nan	nan	nan	nan	nan	|	MBLG21_beforePush0002	160427	MBLG21_duringPush0007	161441	arc_length	200	0.04593324383	0.3878024978	15.04072803	6776460.61	87607225.5	23.29836054	-0.001434906569	0.001434906569	0	nan	nan
27	nan	nan	nan	nan	nan	nan	nan	nan	nan	nan	nan	nan	nan	nan	nan	nan	nan	nan	nan	nan	nan	nan	|	MBLG21_beforePush0002	160427	MBLG21_duringPush0007	161441	arc_length	200	0.04593324383	0.3878024978	15.04072803	6776460.61	87607225.5	23.51016381	-0.001678030968	0.001678030968	0	nan	nan
27	nan	nan	nan	nan	nan	nan	nan	nan	nan	nan	nan	nan	nan	nan	nan	nan	nan	nan	nan	nan	nan	nan	|	MBLG21_beforePush0002	160427	MBLG21_duringPush0007	161441	arc_length	200	0.04593324383	0.3878024978	15.04072803	6776460.61	87607225.5	23.72196709	-0.001921155367	0.001921155367	0	nan	nan
27	nan	nan	nan	nan	nan	nan	nan	nan	nan	nan	nan	nan	nan	nan	nan	nan	nan	nan	nan	nan	nan	nan	|	MBLG21_beforePush0002	160427	MBLG21_duringPush0007	161441	arc_length	200	0.04593324383	0.3878024978	15.04072803	6776460.61	87607225.5	23.93377037	-0.002164279765	0.002164279765	0	nan	nan
27	nan	nan	nan	nan	nan	nan	nan	nan	nan	nan	nan	nan	nan	nan	nan	nan	nan	nan	nan	nan	nan	nan	|	MBLG21_beforePush0002	160427	MBLG21_duringPush0007	161441	arc_length	200	0.04593324383	0.3878024978	15.04072803	6776460.61	87607225.5	24.14557365	0.00876494424	0.00876494424	0	nan	nan
27	nan	nan	nan	nan	nan	nan	nan	nan	nan	nan	nan	nan	nan	nan	nan	nan	nan	nan	nan	nan	nan	nan	|	MBLG21_beforePush0002	160427	MBLG21_duringPush0007	161441	arc_length	200	0.04593324383	0.3878024978	15.04072803	6776460.61	87607225.5	24.35737692	0.02611172527	0.02611172527	0	nan	nan
27	nan	nan	nan	nan	nan	nan	nan	nan	nan	nan	nan	nan	nan	nan	nan	nan	nan	nan	nan	nan	nan	nan	|	MBLG21_beforePush0002	160427	MBLG21_duringPush0007	161441	arc_length	200	0.04593324383	0.3878024978	15.04072803	6776460.61	87607225.5	24.5691802	0.0434585063	0.0434585063	0	nan	nan
27	nan	nan	nan	nan	nan	nan	nan	nan	nan	nan	nan	nan	nan	nan	nan	nan	nan	nan	nan	nan	nan	nan	|	MBLG21_beforePush0002	160427	MBLG21_duringPush0007	161441	arc_length	200	0.04593324383	0.3878024978	15.04072803	6776460.61	87607225.5	24.78098348	0.04803163185	0.04803163185	0	nan	nan
27	nan	nan	nan	nan	nan	nan	nan	nan	nan	nan	nan	nan	nan	nan	nan	nan	nan	nan	nan	nan	nan	nan	|	MBLG21_beforePush0002	160427	MBLG21_duringPush0007	161441	arc_length	200	0.04593324383	0.3878024978	15.04072803	6776460.61	87607225.5	24.99278676	0.04778850745	0.04778850745	0	nan	nan
27	nan	nan	nan	nan	nan	nan	nan	nan	nan	nan	nan	nan	nan	nan	nan	nan	nan	nan	nan	nan	nan	nan	|	MBLG21_beforePush0002	160427	MBLG21_duringPush0007	161441	arc_length	200	0.04593324383	0.3878024978	15.04072803	6776460.61	87607225.5	25.20459003	0.04754538305	0.04754538305	0	nan	nan
27	nan	nan	nan	nan	nan	nan	nan	nan	nan	nan	nan	nan	nan	nan	nan	nan	nan	nan	nan	nan	nan	nan	|	MBLG21_beforePush0002	160427	MBLG21_duringPush0007	161441	arc_length	200	0.04593324383	0.3878024978	15.04072803	6776460.61	87607225.5	25.41639331	0.04730225865	0.04730225865	0	nan	nan
27	nan	nan	nan	nan	nan	nan	nan	nan	nan	nan	nan	nan	nan	nan	nan	nan	nan	nan	nan	nan	nan	nan	|	MBLG21_beforePush0002	160427	MBLG21_duringPush0007	161441	arc_length	200	0.04593324383	0.3878024978	15.04072803	6776460.61	87607225.5	25.62819659	0.04705913425	0.04705913425	0	nan	nan
27	nan	nan	nan	nan	nan	nan	nan	nan	nan	nan	nan	nan	nan	nan	nan	nan	nan	nan	nan	nan	nan	nan	|	MBLG21_beforePush0002	160427	MBLG21_duringPush0007	161441	arc_length	200	0.04593324383	0.3878024978	15.04072803	6776460.61	87607225.5	25.83999987	0.04681600985	0.04681600985	0	nan	nan
27	nan	nan	nan	nan	nan	nan	nan	nan	nan	nan	nan	nan	nan	nan	nan	nan	nan	nan	nan	nan	nan	nan	|	MBLG21_beforePush0002	160427	MBLG21_duringPush0007	161441	arc_length	200	0.04593324383	0.3878024978	15.04072803	6776460.61	87607225.5	26.05180314	0.04657288546	0.04657288546	0	nan	nan
27	nan	nan	nan	nan	nan	nan	nan	nan	nan	nan	nan	nan	nan	nan	nan	nan	nan	nan	nan	nan	nan	nan	|	MBLG21_beforePush0002	160427	MBLG21_duringPush0007	161441	arc_length	200	0.04593324383	0.3878024978	15.04072803	6776460.61	87607225.5	26.26360642	0.02382898859	0.02382898859	0	nan	nan
27	nan	nan	nan	nan	nan	nan	nan	nan	nan	nan	nan	nan	nan	nan	nan	nan	nan	nan	nan	nan	nan	nan	|	MBLG21_beforePush0002	160427	MBLG21_duringPush0007	161441	arc_length	200	0.04593324383	0.3878024978	15.04072803	6776460.61	87607225.5	26.4754097	0.0001979084407	0.0001979084407	0	nan	nan
27	nan	nan	nan	nan	nan	nan	nan	nan	nan	nan	nan	nan	nan	nan	nan	nan	nan	nan	nan	nan	nan	nan	|	MBLG21_beforePush0002	160427	MBLG21_duringPush0007	161441	arc_length	200	0.04593324383	0.3878024978	15.04072803	6776460.61	87607225.5	26.68721298	0.03447224197	0.03447224197	0	nan	nan
27	nan	nan	nan	nan	nan	nan	nan	nan	nan	nan	nan	nan	nan	nan	nan	nan	nan	nan	nan	nan	nan	nan	|	MBLG21_beforePush0002	160427	MBLG21_duringPush0007	161441	arc_length	200	0.04593324383	0.3878024978	15.04072803	6776460.61	87607225.5	26.89901626	0.08560606499	0.08560606499	0	nan	nan
27	nan	nan	nan	nan	nan	nan	nan	nan	nan	nan	nan	nan	nan	nan	nan	nan	nan	nan	nan	nan	nan	nan	|	MBLG21_beforePush0002	160427	MBLG21_duringPush0007	161441	arc_length	200	0.04593324383	0.3878024978	15.04072803	6776460.61	87607225.5	27.11081953	0.1083491668	0.1083491668	0	nan	nan
27	nan	nan	nan	nan	nan	nan	nan	nan	nan	nan	nan	nan	nan	nan	nan	nan	nan	nan	nan	nan	nan	nan	|	MBLG21_beforePush0002	160427	MBLG21_duringPush0007	161441	arc_length	200	0.04593324383	0.3878024978	15.04072803	6776460.61	87607225.5	27.32262281	0.1231968413	0.1231968413	1.082934168e-06	nan	nan
27	nan	nan	nan	nan	nan	nan	nan	nan	nan	nan	nan	nan	nan	nan	nan	nan	nan	nan	nan	nan	nan	nan	|	MBLG21_beforePush0002	160427	MBLG21_duringPush0007	161441	arc_length	200	0.04593324383	0.3878024978	15.04072803	6776460.61	87607225.5	27.53442609	0.1380445158	0.1380445158	8.663473347e-06	nan	nan
27	nan	nan	nan	nan	nan	nan	nan	nan	nan	nan	nan	nan	nan	nan	nan	nan	nan	nan	nan	nan	nan	nan	|	MBLG21_beforePush0002	160427	MBLG21_duringPush0007	161441	arc_length	200	0.04593324383	0.3878024978	15.04072803	6776460.61	87607225.5	27.74622937	0.1402077221	0.1402077221	2.923922255e-05	nan	nan
27	nan	nan	nan	nan	nan	nan	nan	nan	nan	nan	nan	nan	nan	nan	nan	nan	nan	nan	nan	nan	nan	nan	|	MBLG21_beforePush0002	160427	MBLG21_duringPush0007	161441	arc_length	200	0.04593324383	0.3878024978	15.04072803	6776460.61	87607225.5	27.95803264	0.1195353753	0.1195353753	6.930778677e-05	nan	nan
27	nan	nan	nan	nan	nan	nan	nan	nan	nan	nan	nan	nan	nan	nan	nan	nan	nan	nan	nan	nan	nan	nan	|	MBLG21_beforePush0002	160427	MBLG21_duringPush0007	161441	arc_length	200	0.04593324383	0.3878024978	15.04072803	6776460.61	87607225.5	28.16983592	0.08583439904	0.08583439904	0.000135366771	nan	nan
27	nan	nan	nan	nan	nan	nan	nan	nan	nan	nan	nan	nan	nan	nan	nan	nan	nan	nan	nan	nan	nan	nan	|	MBLG21_beforePush0002	160427	MBLG21_duringPush0007	161441	arc_length	200	0.04593324383	0.3878024978	15.04072803	6776460.61	87607225.5	28.3816392	0.06028280324	0.06028280324	0.0002339137804	nan	nan
27	nan	nan	nan	nan	nan	nan	nan	nan	nan	nan	nan	nan	nan	nan	nan	nan	nan	nan	nan	nan	nan	nan	|	MBLG21_beforePush0002	160427	MBLG21_duringPush0007	161441	arc_length	200	0.04593324383	0.3878024978	15.04072803	6776460.61	87607225.5	28.59344248	0.04420520994	0.04420520994	0.0003714464197	nan	nan
27	nan	nan	nan	nan	nan	nan	nan	nan	nan	nan	nan	nan	nan	nan	nan	nan	nan	nan	nan	nan	nan	nan	|	MBLG21_beforePush0002	160427	MBLG21_duringPush0007	161441	arc_length	200	0.04593324383	0.3878024978	15.04072803	6776460.61	87607225.5	28.80524575	0.0434354859	0.0434354859	0.0005544622942	nan	nan
27	nan	nan	nan	nan	nan	nan	nan	nan	nan	nan	nan	nan	nan	nan	nan	nan	nan	nan	nan	nan	nan	nan	|	MBLG21_beforePush0002	160427	MBLG21_duringPush0007	161441	arc_length	200	0.04593324383	0.3878024978	15.04072803	6776460.61	87607225.5	29.01704903	0.04346184159	0.04346184159	0.0007894590087	nan	nan
27	nan	nan	nan	nan	nan	nan	nan	nan	nan	nan	nan	nan	nan	nan	nan	nan	nan	nan	nan	nan	nan	nan	|	MBLG21_beforePush0002	160427	MBLG21_duringPush0007	161441	arc_length	200	0.04593324383	0.3878024978	15.04072803	6776460.61	87607225.5	29.22885231	0.03618821384	0.03618821384	0.001082934168	nan	nan
27	nan	nan	nan	nan	nan	nan	nan	nan	nan	nan	nan	nan	nan	nan	nan	nan	nan	nan	nan	nan	nan	nan	|	MBLG21_beforePush0002	160427	MBLG21_duringPush0007	161441	arc_length	200	0.04593324383	0.3878024978	15.04072803	6776460.61	87607225.5	29.44065559	0.01710317175	0.01710317175	0.001441385378	nan	nan
27	nan	nan	nan	nan	nan	nan	nan	nan	nan	nan	nan	nan	nan	nan	nan	nan	nan	nan	nan	nan	nan	nan	|	MBLG21_beforePush0002	160427	MBLG21_duringPush0007	161441	arc_length	200	0.04593324383	0.3878024978	15.04072803	6776460.61	87607225.5	29.65245886	-0.00276028944	0.00276028944	0.001871310243	nan	nan
27	nan	nan	nan	nan	nan	nan	nan	nan	nan	nan	nan	nan	nan	nan	nan	nan	nan	nan	nan	nan	nan	nan	|	MBLG21_beforePush0002	160427	MBLG21_duringPush0007	161441	arc_length	200	0.04593324383	0.3878024978	15.04072803	6776460.61	87607225.5	29.86426214	-0.008787503863	0.008787503863	0.002379206368	nan	nan
27	nan	nan	nan	nan	nan	nan	nan	nan	nan	nan	nan	nan	nan	nan	nan	nan	nan	nan	nan	nan	nan	nan	|	MBLG21_beforePush0002	160427	MBLG21_duringPush0007	161441	arc_length	200	0.04593324383	0.3878024978	15.04072803	6776460.61	87607225.5	30.07606542	-0.009190260487	0.009190260487	0.002971571358	nan	nan
27	nan	nan	nan	nan	nan	nan	nan	nan	nan	nan	nan	nan	nan	nan	nan	nan	nan	nan	nan	nan	nan	nan	|	MBLG21_beforePush0002	160427	MBLG21_duringPush0007	161441	arc_length	200	0.04593324383	0.3878024978	15.04072803	6776460.61	87607225.5	30.2878687	-0.007176487905	0.007176487905	0.003654902818	nan	nan
27	nan	nan	nan	nan	nan	nan	nan	nan	nan	nan	nan	nan	nan	nan	nan	nan	nan	nan	nan	nan	nan	nan	|	MBLG21_beforePush0002	160427	MBLG21_duringPush0007	161441	arc_length	200	0.04593324383	0.3878024978	15.04072803	6776460.61	87607225.5	30.49967197	0.02939237994	0.02939237994	0.004435698354	nan	nan
27	nan	nan	nan	nan	nan	nan	nan	nan	nan	nan	nan	nan	nan	nan	nan	nan	nan	nan	nan	nan	nan	nan	|	MBLG21_beforePush0002	160427	MBLG21_duringPush0007	161441	arc_length	200	0.04593324383	0.3878024978	15.04072803	6776460.61	87607225.5	30.71147525	0.06596124778	0.06596124778	0.005320455569	nan	nan
27	nan	nan	nan	nan	nan	nan	nan	nan	nan	nan	nan	nan	nan	nan	nan	nan	nan	nan	nan	nan	nan	nan	|	MBLG21_beforePush0002	160427	MBLG21_duringPush0007	161441	arc_length	200	0.04593324383	0.3878024978	15.04072803	6776460.61	87607225.5	30.92327853	0.1025301156	0.1025301156	0.00631567207	nan	nan
27	nan	nan	nan	nan	nan	nan	nan	nan	nan	nan	nan	nan	nan	nan	nan	nan	nan	nan	nan	nan	nan	nan	|	MBLG21_beforePush0002	160427	MBLG21_duringPush0007	161441	arc_length	200	0.04593324383	0.3878024978	15.04072803	6776460.61	87607225.5	31.13508181	0.1390989835	0.1390989835	0.007427845461	nan	nan
27	nan	nan	nan	nan	nan	nan	nan	nan	nan	nan	nan	nan	nan	nan	nan	nan	nan	nan	nan	nan	nan	nan	|	MBLG21_beforePush0002	160427	MBLG21_duringPush0007	161441	arc_length	200	0.04593324383	0.3878024978	15.04072803	6776460.61	87607225.5	31.34688508	0.1240880749	0.1240880749	0.008663473347	nan	nan
27	nan	nan	nan	nan	nan	nan	nan	nan	nan	nan	nan	nan	nan	nan	nan	nan	nan	nan	nan	nan	nan	nan	|	MBLG21_beforePush0002	160427	MBLG21_duringPush0007	161441	arc_length	200	0.04593324383	0.3878024978	15.04072803	6776460.61	87607225.5	31.55868836	0.102770794	0.102770794	0.01002905333	nan	nan
27	nan	nan	nan	nan	nan	nan	nan	nan	nan	nan	nan	nan	nan	nan	nan	nan	nan	nan	nan	nan	nan	nan	|	MBLG21_beforePush0002	160427	MBLG21_duringPush0007	161441	arc_length	200	0.04593324383	0.3878024978	15.04072803	6776460.61	87607225.5	31.77049164	0.09121603411	0.09121603411	0.01153108302	nan	nan
27	nan	nan	nan	nan	nan	nan	nan	nan	nan	nan	nan	nan	nan	nan	nan	nan	nan	nan	nan	nan	nan	nan	|	MBLG21_beforePush0002	160427	MBLG21_duringPush0007	161441	arc_length	200	0.04593324383	0.3878024978	15.04072803	6776460.61	87607225.5	31.98229492	0.09097290971	0.09097290971	0.01317606003	nan	nan
27	nan	nan	nan	nan	nan	nan	nan	nan	nan	nan	nan	nan	nan	nan	nan	nan	nan	nan	nan	nan	nan	nan	|	MBLG21_beforePush0002	160427	MBLG21_duringPush0007	161441	arc_length	200	0.04593324383	0.3878024978	15.04072803	6776460.61	87607225.5	32.19409819	0.09542573673	0.09542573673	0.01497048194	nan	nan
27	nan	nan	nan	nan	nan	nan	nan	nan	nan	nan	nan	nan	nan	nan	nan	nan	nan	nan	nan	nan	nan	nan	|	MBLG21_beforePush0002	160427	MBLG21_duringPush0007	161441	arc_length	200	0.04593324383	0.3878024978	15.04072803	6776460.61	87607225.5	32.40590147	0.111428009	0.111428009	0.01692084638	nan	nan
27	nan	nan	nan	nan	nan	nan	nan	nan	nan	nan	nan	nan	nan	nan	nan	nan	nan	nan	nan	nan	nan	nan	|	MBLG21_beforePush0002	160427	MBLG21_duringPush0007	161441	arc_length	200	0.04593324383	0.3878024978	15.04072803	6776460.61	87607225.5	32.61770475	0.1274302813	0.1274302813	0.01903365094	nan	nan
27	nan	nan	nan	nan	nan	nan	nan	nan	nan	nan	nan	nan	nan	nan	nan	nan	nan	nan	nan	nan	nan	nan	|	MBLG21_beforePush0002	160427	MBLG21_duringPush0007	161441	arc_length	200	0.04593324383	0.3878024978	15.04072803	6776460.61	87607225.5	32.82950803	0.1389069141	0.1389069141	0.02131539324	nan	nan
27	nan	nan	nan	nan	nan	nan	nan	nan	nan	nan	nan	nan	nan	nan	nan	nan	nan	nan	nan	nan	nan	nan	|	MBLG21_beforePush0002	160427	MBLG21_duringPush0007	161441	arc_length	200	0.04593324383	0.3878024978	15.04072803	6776460.61	87607225.5	33.04131131	0.1224198253	0.1224198253	0.02377257086	nan	nan
27	nan	nan	nan	nan	nan	nan	nan	nan	nan	nan	nan	nan	nan	nan	nan	nan	nan	nan	nan	nan	nan	nan	|	MBLG21_beforePush0002	160427	MBLG21_duringPush0007	161441	arc_length	200	0.04593324383	0.3878024978	15.04072803	6776460.61	87607225.5	33.25311458	0.1059327365	0.1059327365	0.02641168143	nan	nan
27	nan	nan	nan	nan	nan	nan	nan	nan	nan	nan	nan	nan	nan	nan	nan	nan	nan	nan	nan	nan	nan	nan	|	MBLG21_beforePush0002	160427	MBLG21_duringPush0007	161441	arc_length	200	0.04593324383	0.3878024978	15.04072803	6776460.61	87607225.5	33.46491786	0.08944564773	0.08944564773	0.02923922255	nan	nan
27	nan	nan	nan	nan	nan	nan	nan	nan	nan	nan	nan	nan	nan	nan	nan	nan	nan	nan	nan	nan	nan	nan	|	MBLG21_beforePush0002	160427	MBLG21_duringPush0007	161441	arc_length	200	0.04593324383	0.3878024978	15.04072803	6776460.61	87607225.5	33.67672114	0.1186746345	0.1186746345	0.03226169181	nan	nan
27	nan	nan	nan	nan	nan	nan	nan	nan	nan	nan	nan	nan	nan	nan	nan	nan	nan	nan	nan	nan	nan	nan	|	MBLG21_beforePush0002	160427	MBLG21_duringPush0007	161441	arc_length	200	0.04593324383	0.3878024978	15.04072803	6776460.61	87607225.5	33.88852442	0.1483873997	0.1483873997	0.03548558683	nan	nan
27	nan	nan	nan	nan	nan	nan	nan	nan	nan	nan	nan	nan	nan	nan	nan	nan	nan	nan	nan	nan	nan	nan	|	MBLG21_beforePush0002	160427	MBLG21_duringPush0007	161441	arc_length	200	0.04593324383	0.3878024978	15.04072803	6776460.61	87607225.5	34.10032769	0.1781001649	0.1781001649	0.03891740521	nan	nan
27	nan	nan	nan	nan	nan	nan	nan	nan	nan	nan	nan	nan	nan	nan	nan	nan	nan	nan	nan	nan	nan	nan	|	MBLG21_beforePush0002	160427	MBLG21_duringPush0007	161441	arc_length	200	0.04593324383	0.3878024978	15.04072803	6776460.61	87607225.5	34.31213097	0.1906443333	0.1906443333	0.04256364455	nan	nan
27	nan	nan	nan	nan	nan	nan	nan	nan	nan	nan	nan	nan	nan	nan	nan	nan	nan	nan	nan	nan	nan	nan	|	MBLG21_beforePush0002	160427	MBLG21_duringPush0007	161441	arc_length	200	0.04593324383	0.3878024978	15.04072803	6776460.61	87607225.5	34.52393425	0.1904012089	0.1904012089	0.04643080247	nan	nan
27	nan	nan	nan	nan	nan	nan	nan	nan	nan	nan	nan	nan	nan	nan	nan	nan	nan	nan	nan	nan	nan	nan	|	MBLG21_beforePush0002	160427	MBLG21_duringPush0007	161441	arc_length	200	0.04593324383	0.3878024978	15.04072803	6776460.61	87607225.5	34.73573753	0.1901580845	0.1901580845	0.05052537656	nan	nan
27	nan	nan	nan	nan	nan	nan	nan	nan	nan	nan	nan	nan	nan	nan	nan	nan	nan	nan	nan	nan	nan	nan	|	MBLG21_beforePush0002	160427	MBLG21_duringPush0007	161441	arc_length	200	0.04593324383	0.3878024978	15.04072803	6776460.61	87607225.5	34.9475408	0.1899149601	0.1899149601	0.05485386443	nan	nan
27	nan	nan	nan	nan	nan	nan	nan	nan	nan	nan	nan	nan	nan	nan	nan	nan	nan	nan	nan	nan	nan	nan	|	MBLG21_beforePush0002	160427	MBLG21_duringPush0007	161441	arc_length	200	0.04593324383	0.3878024978	15.04072803	6776460.61	87607225.5	35.15934408	0.1896718357	0.1896718357	0.05942276369	nan	nan
27	nan	nan	nan	nan	nan	nan	nan	nan	nan	nan	nan	nan	nan	nan	nan	nan	nan	nan	nan	nan	nan	nan	|	MBLG21_beforePush0002	160427	MBLG21_duringPush0007	161441	arc_length	200	0.04593324383	0.3878024978	15.04072803	6776460.61	87607225.5	35.37114736	0.1894287113	0.1894287113	0.06423857193	nan	nan
27	nan	nan	nan	nan	nan	nan	nan	nan	nan	nan	nan	nan	nan	nan	nan	nan	nan	nan	nan	nan	nan	nan	|	MBLG21_beforePush0002	160427	MBLG21_duringPush0007	161441	arc_length	200	0.04593324383	0.3878024978	15.04072803	6776460.61	87607225.5	35.58295064	0.1891855869	0.1891855869	0.06930778677	nan	nan
27	nan	nan	nan	nan	nan	nan	nan	nan	nan	nan	nan	nan	nan	nan	nan	nan	nan	nan	nan	nan	nan	nan	|	MBLG21_beforePush0002	160427	MBLG21_duringPush0007	161441	arc_length	200	0.04593324383	0.3878024978	15.04072803	6776460.61	87607225.5	35.79475391	0.1889424625	0.1889424625	0.07463690582	nan	nan
27	nan	nan	nan	nan	nan	nan	nan	nan	nan	nan	nan	nan	nan	nan	nan	nan	nan	nan	nan	nan	nan	nan	|	MBLG21_beforePush0002	160427	MBLG21_duringPush0007	161441	arc_length	200	0.04593324383	0.3878024978	15.04072803	6776460.61	87607225.5	36.00655719	0.1886993381	0.1886993381	0.08023242666	nan	nan
27	nan	nan	nan	nan	nan	nan	nan	nan	nan	nan	nan	nan	nan	nan	nan	nan	nan	nan	nan	nan	nan	nan	|	MBLG21_beforePush0002	160427	MBLG21_duringPush0007	161441	arc_length	200	0.04593324383	0.3878024978	15.04072803	6776460.61	87607225.5	36.21836047	0.1884562137	0.1884562137	0.08610084692	nan	nan
27	nan	nan	nan	nan	nan	nan	nan	nan	nan	nan	nan	nan	nan	nan	nan	nan	nan	nan	nan	nan	nan	nan	|	MBLG21_beforePush0002	160427	MBLG21_duringPush0007	161441	arc_length	200	0.04593324383	0.3878024978	15.04072803	6776460.61	87607225.5	36.43016375	0.1890569051	0.1890569051	0.0922486642	nan	nan
27	nan	nan	nan	nan	nan	nan	nan	nan	nan	nan	nan	nan	nan	nan	nan	nan	nan	nan	nan	nan	nan	nan	|	MBLG21_beforePush0002	160427	MBLG21_duringPush0007	161441	arc_length	200	0.04593324383	0.3878024978	15.04072803	6776460.61	87607225.5	36.64196702	0.18122907	0.18122907	0.09868237609	nan	nan
27	nan	nan	nan	nan	nan	nan	nan	nan	nan	nan	nan	nan	nan	nan	nan	nan	nan	nan	nan	nan	nan	nan	|	MBLG21_beforePush0002	160427	MBLG21_duringPush0007	161441	arc_length	200	0.04593324383	0.3878024978	15.04072803	6776460.61	87607225.5	36.8537703	0.1550102969	0.1550102969	0.1054084802	nan	nan
27	nan	nan	nan	nan	nan	nan	nan	nan	nan	nan	nan	nan	nan	nan	nan	nan	nan	nan	nan	nan	nan	nan	|	MBLG21_beforePush0002	160427	MBLG21_duringPush0007	161441	arc_length	200	0.04593324383	0.3878024978	15.04072803	6776460.61	87607225.5	37.06557358	0.1375717345	0.1375717345	0.1124334742	nan	nan
27	nan	nan	nan	nan	nan	nan	nan	nan	nan	nan	nan	nan	nan	nan	nan	nan	nan	nan	nan	nan	nan	nan	|	MBLG21_beforePush0002	160427	MBLG21_duringPush0007	161441	arc_length	200	0.04593324383	0.3878024978	15.04072803	6776460.61	87607225.5	37.27737686	0.1463860912	0.1463860912	0.1197638555	nan	nan
27	nan	nan	nan	nan	nan	nan	nan	nan	nan	nan	nan	nan	nan	nan	nan	nan	nan	nan	nan	nan	nan	nan	|	MBLG21_beforePush0002	160427	MBLG21_duringPush0007	161441	arc_length	200	0.04593324383	0.3878024978	15.04072803	6776460.61	87607225.5	37.48918013	0.1783519117	0.1783519117	0.127406122	nan	nan
27	nan	nan	nan	nan	nan	nan	nan	nan	nan	nan	nan	nan	nan	nan	nan	nan	nan	nan	nan	nan	nan	nan	|	MBLG21_beforePush0002	160427	MBLG21_duringPush0007	161441	arc_length	200	0.04593324383	0.3878024978	15.04072803	6776460.61	87607225.5	37.70098341	0.2103177323	0.2103177323	0.135366771	nan	nan
27	nan	nan	nan	nan	nan	nan	nan	nan	nan	nan	nan	nan	nan	nan	nan	nan	nan	nan	nan	nan	nan	nan	|	MBLG21_beforePush0002	160427	MBLG21_duringPush0007	161441	arc_length	200	0.04593324383	0.3878024978	15.04072803	6776460.61	87607225.5	37.91278669	0.237687134	0.237687134	0.1436523004	nan	nan
27	nan	nan	nan	nan	nan	nan	nan	nan	nan	nan	nan	nan	nan	nan	nan	nan	nan	nan	nan	nan	nan	nan	|	MBLG21_beforePush0002	160427	MBLG21_duringPush0007	161441	arc_length	200	0.04593324383	0.3878024978	15.04072803	6776460.61	87607225.5	38.12458997	0.2374440096	0.2374440096	0.1522692075	nan	nan
27	nan	nan	nan	nan	nan	nan	nan	nan	nan	nan	nan	nan	nan	nan	nan	nan	nan	nan	nan	nan	nan	nan	|	MBLG21_beforePush0002	160427	MBLG21_duringPush0007	161441	arc_length	200	0.04593324383	0.3878024978	15.04072803	6776460.61	87607225.5	38.33639325	0.2372008852	0.2372008852	0.1612239902	nan	nan
27	nan	nan	nan	nan	nan	nan	nan	nan	nan	nan	nan	nan	nan	nan	nan	nan	nan	nan	nan	nan	nan	nan	|	MBLG21_beforePush0002	160427	MBLG21_duringPush0007	161441	arc_length	200	0.04593324383	0.3878024978	15.04072803	6776460.61	87607225.5	38.54819652	0.2369577609	0.2369577609	0.1705231459	nan	nan
27	nan	nan	nan	nan	nan	nan	nan	nan	nan	nan	nan	nan	nan	nan	nan	nan	nan	nan	nan	nan	nan	nan	|	MBLG21_beforePush0002	160427	MBLG21_duringPush0007	161441	arc_length	200	0.04593324383	0.3878024978	15.04072803	6776460.61	87607225.5	38.7599998	0.2418159744	0.2418159744	0.1801731723	nan	nan
27	nan	nan	nan	nan	nan	nan	nan	nan	nan	nan	nan	nan	nan	nan	nan	nan	nan	nan	nan	nan	nan	nan	|	MBLG21_beforePush0002	160427	MBLG21_duringPush0007	161441	arc_length	200	0.04593324383	0.3878024978	15.04072803	6776460.61	87607225.5	38.97180308	0.2411992454	0.2411992454	0.1901805669	nan	nan
27	nan	nan	nan	nan	nan	nan	nan	nan	nan	nan	nan	nan	nan	nan	nan	nan	nan	nan	nan	nan	nan	nan	|	MBLG21_beforePush0002	160427	MBLG21_duringPush0007	161441	arc_length	200	0.04593324383	0.3878024978	15.04072803	6776460.61	87607225.5	39.18360636	0.2330656385	0.2330656385	0.2005518274	nan	nan
27	nan	nan	nan	nan	nan	nan	nan	nan	nan	nan	nan	nan	nan	nan	nan	nan	nan	nan	nan	nan	nan	nan	|	MBLG21_beforePush0002	160427	MBLG21_duringPush0007	161441	arc_length	200	0.04593324383	0.3878024978	15.04072803	6776460.61	87607225.5	39.39540963	0.2295144299	0.2295144299	0.2112934515	nan	nan
27	nan	nan	nan	nan	nan	nan	nan	nan	nan	nan	nan	nan	nan	nan	nan	nan	nan	nan	nan	nan	nan	nan	|	MBLG21_beforePush0002	160427	MBLG21_duringPush0007	161441	arc_length	200	0.04593324383	0.3878024978	15.04072803	6776460.61	87607225.5	39.60721291	0.2296366072	0.2296366072	0.2224119366	nan	nan
27	nan	nan	nan	nan	nan	nan	nan	nan	nan	nan	nan	nan	nan	nan	nan	nan	nan	nan	nan	nan	nan	nan	|	MBLG21_beforePush0002	160427	MBLG21_duringPush0007	161441	arc_length	200	0.04593324383	0.3878024978	15.04072803	6776460.61	87607225.5	39.81901619	0.2143036471	0.2143036471	0.2339137804	nan	nan
27	nan	nan	nan	nan	nan	nan	nan	nan	nan	nan	nan	nan	nan	nan	nan	nan	nan	nan	nan	nan	nan	nan	|	MBLG21_beforePush0002	160427	MBLG21_duringPush0007	161441	arc_length	200	0.04593324383	0.3878024978	15.04072803	6776460.61	87607225.5	40.03081947	0.198970687	0.198970687	0.2458054805	nan	nan
27	nan	nan	nan	nan	nan	nan	nan	nan	nan	nan	nan	nan	nan	nan	nan	nan	nan	nan	nan	nan	nan	nan	|	MBLG21_beforePush0002	160427	MBLG21_duringPush0007	161441	arc_length	200	0.04593324383	0.3878024978	15.04072803	6776460.61	87607225.5	40.24262274	0.1840967854	0.1840967854	0.2580935345	nan	nan
27	nan	nan	nan	nan	nan	nan	nan	nan	nan	nan	nan	nan	nan	nan	nan	nan	nan	nan	nan	nan	nan	nan	|	MBLG21_beforePush0002	160427	MBLG21_duringPush0007	161441	arc_length	200	0.04593324383	0.3878024978	15.04072803	6776460.61	87607225.5	40.45442602	0.2014439363	0.2014439363	0.27078444	nan	nan
27	nan	nan	nan	nan	nan	nan	nan	nan	nan	nan	nan	nan	nan	nan	nan	nan	nan	nan	nan	nan	nan	nan	|	MBLG21_beforePush0002	160427	MBLG21_duringPush0007	161441	arc_length	200	0.04593324383	0.3878024978	15.04072803	6776460.61	87607225.5	40.6662293	0.2187910873	0.2187910873	0.2838846946	nan	nan
27	nan	nan	nan	nan	nan	nan	nan	nan	nan	nan	nan	nan	nan	nan	nan	nan	nan	nan	nan	nan	nan	nan	|	MBLG21_beforePush0002	160427	MBLG21_duringPush0007	161441	arc_length	200	0.04593324383	0.3878024978	15.04072803	6776460.61	87607225.5	40.87803258	0.2367478638	0.2367478638	0.297400796	nan	nan
27	nan	nan	nan	nan	nan	nan	nan	nan	nan	nan	nan	nan	nan	nan	nan	nan	nan	nan	nan	nan	nan	nan	|	MBLG21_beforePush0002	160427	MBLG21_duringPush0007	161441	arc_length	200	0.04593324383	0.3878024978	15.04072803	6776460.61	87607225.5	41.08983585	0.2598961709	0.2598961709	0.3113392417	nan	nan
27	nan	nan	nan	nan	nan	nan	nan	nan	nan	nan	nan	nan	nan	nan	nan	nan	nan	nan	nan	nan	nan	nan	|	MBLG21_beforePush0002	160427	MBLG21_duringPush0007	161441	arc_length	200	0.04593324383	0.3878024978	15.04072803	6776460.61	87607225.5	41.30163913	0.283044478	0.283044478	0.3257065293	nan	nan
27	nan	nan	nan	nan	nan	nan	nan	nan	nan	nan	nan	nan	nan	nan	nan	nan	nan	nan	nan	nan	nan	nan	|	MBLG21_beforePush0002	160427	MBLG21_duringPush0007	161441	arc_length	200	0.04593324383	0.3878024978	15.04072803	6776460.61	87607225.5	41.51344241	0.2847305765	0.2847305765	0.3405091564	nan	nan
27	nan	nan	nan	nan	nan	nan	nan	nan	nan	nan	nan	nan	nan	nan	nan	nan	nan	nan	nan	nan	nan	nan	|	MBLG21_beforePush0002	160427	MBLG21_duringPush0007	161441	arc_length	200	0.04593324383	0.3878024978	15.04072803	6776460.61	87607225.5	41.72524569	0.2844874521	0.2844874521	0.3557536207	nan	nan
27	nan	nan	nan	nan	nan	nan	nan	nan	nan	nan	nan	nan	nan	nan	nan	nan	nan	nan	nan	nan	nan	nan	|	MBLG21_beforePush0002	160427	MBLG21_duringPush0007	161441	arc_length	200	0.04593324383	0.3878024978	15.04072803	6776460.61	87607225.5	41.93704896	0.2842443277	0.2842443277	0.3714464197	nan	nan
27	nan	nan	nan	nan	nan	nan	nan	nan	nan	nan	nan	nan	nan	nan	nan	nan	nan	nan	nan	nan	nan	nan	|	MBLG21_beforePush0002	160427	MBLG21_duringPush0007	161441	arc_length	200	0.04593324383	0.3878024978	15.04072803	6776460.61	87607225.5	42.14885224	0.2840012033	0.2840012033	0.3875940511	nan	nan
