x_split	fit_v1_file_name	fit_v1_file_time	fit_v1_parabola_a	fit_v1_parabola_b	fit_v1_parabola_c	fit_v1_parabola_a_err	fit_v1_parabola_b_err	fit_v1_parabola_c_err	fit_v1_line_m	fit_v1_line_q	fit_v1_line_m_err	fit_v1_line_q_err	fit_v1_d0	fit_v1_L	fit_v1_d0_err	fit_v1_L_err	fit_v1_x	fit_v1_d_signed	fit_v1_d_abs	fit_v1_d_fit	fit_v1_theta_x	fit_v1_theta	|	direct_pre_file_name	direct_pre_file_time	direct_post_file_name	direct_post_file_time	direct_sample_method	direct_n_samples	direct_registration_rmse	direct_d0	direct_L	direct_d0_err	direct_L_err	direct_x	direct_d_signed	direct_d_abs	direct_d_fit	direct_theta_x	direct_theta
26	cg20_AfterPush0004	122303	-0.0001359482733	0.03494281237	-0.006316524493	3.118100075e-05	0.001152235331	0.008848558143	0.0341180865	-0.006788219144	0.001027337393	0.009226427068	0.1990778127	19.91958431	8657046.653	288739318.5	0	0.006788219144	0.006788219144	0	16.439829	0	|	cg20_prepPush0003	121630	cg20_AfterPush0004	122303	arc_length	200	0.02811881662	0.1191645783	10.75752746	2991568.714	90020833.75	0	0.04598672307	0.04598672307	0	26.0677235	0
26	cg20_AfterPush0004	122303	-0.0001359482733	0.03494281237	-0.006316524493	3.118100075e-05	0.001152235331	0.008848558143	0.0341180865	-0.006788219144	0.001027337393	0.009226427068	0.1990778127	19.91958431	8657046.653	288739318.5	0.4605	-0.008923159688	0.008923159688	0	16.900328	0.0009180858994	|	cg20_prepPush0003	121630	cg20_AfterPush0004	122303	arc_length	200	0.02811881662	0.1191645783	10.75752746	2991568.714	90020833.75	0.1822917727	0.03989136974	0.03989136974	0	26.25001527	0.0005467487691
26	cg20_AfterPush0004	122303	-0.0001359482733	0.03494281237	-0.006316524493	3.118100075e-05	0.001152235331	0.008848558143	0.0341180865	-0.006788219144	0.001027337393	0.009226427068	0.1990778127	19.91958431	8657046.653	288739318.5	0.920999	-0.0246345044	0.0246345044	0	17.360827	0.003672343593	|	cg20_prepPush0003	121630	cg20_AfterPush0004	122303	arc_length	200	0.02811881662	0.1191645783	10.75752746	2991568.714	90020833.75	0.3645835454	0.03369943638	0.03369943638	0	26.43230704	0.002186995075
26	cg20_AfterPush0004	122303	-0.0001359482733	0.03494281237	-0.006316524493	3.118100075e-05	0.001152235331	0.008848558143	0.0341180865	-0.006788219144	0.001027337393	0.009226427068	0.1990778127	19.91958431	8657046.653	288739318.5	1.335449	0.007275254649	0.007275254649	0	17.867377	0.008822819021	|	cg20_prepPush0003	121630	cg20_AfterPush0004	122303	arc_length	200	0.02811881662	0.1191645783	10.75752746	2991568.714	90020833.75	0.5468753181	0.01954305745	0.01954305745	0	26.61459882	0.00492073891
26	cg20_AfterPush0004	122303	-0.0001359482733	0.03494281237	-0.006316524493	3.118100075e-05	0.001152235331	0.008848558143	0.0341180865	-0.006788219144	0.001027337393	0.009226427068	0.1990778127	19.91958431	8657046.653	288739318.5	1.703848	-0.0513438143	0.0513438143	0	18.327876	0.01543304158	|	cg20_prepPush0003	121630	cg20_AfterPush0004	122303	arc_length	200	0.02811881662	0.1191645783	10.75752746	2991568.714	90020833.75	0.7291670908	-0.003163581298	0.003163581298	0	26.79689059	0.008747980237
26	cg20_AfterPush0004	122303	-0.0001359482733	0.03494281237	-0.006316524493	3.118100075e-05	0.001152235331	0.008848558143	0.0341180865	-0.006788219144	0.001027337393	0.009226427068	0.1990778127	19.91958431	8657046.653	288739318.5	2.210398	-0.02257633101	0.02257633101	0	18.880475	0.02578905865	|	cg20_prepPush0003	121630	cg20_AfterPush0004	122303	arc_length	200	0.02811881662	0.1191645783	10.75752746	2991568.714	90020833.75	0.9114588636	-0.02561198826	0.02561198826	0	26.97918236	0.01366871897
26	cg20_AfterPush0004	122303	-0.0001359482733	0.03494281237	-0.006316524493	3.118100075e-05	0.001152235331	0.008848558143	0.0341180865	-0.006788219144	0.001027337393	0.009226427068	0.1990778127	19.91958431	8657046.653	288739318.5	2.716947	0.05224118639	0.05224118639	0	19.479124	0.03999185739	|	cg20_prepPush0003	121630	cg20_AfterPush0004	122303	arc_length	200	0.02811881662	0.1191645783	10.75752746	2991568.714	90020833.75	1.093750636	-0.01760908797	0.01760908797	0	27.16147413	0.01968295491
26	cg20_AfterPush0004	122303	-0.0001359482733	0.03494281237	-0.006316524493	3.118100075e-05	0.001152235331	0.008848558143	0.0341180865	-0.006788219144	0.001027337393	0.009226427068	0.1990778127	19.91958431	8657046.653	288739318.5	3.177446	-0.009520158324	0.009520158324	0	19.985674	0.0544333795	|	cg20_prepPush0003	121630	cg20_AfterPush0004	122303	arc_length	200	0.02811881662	0.1191645783	10.75752746	2991568.714	90020833.75	1.276042409	-0.00347207875	0.00347207875	0	27.34376591	0.02679068773
26	cg20_AfterPush0004	122303	-0.0001359482733	0.03494281237	-0.006316524493	3.118100075e-05	0.001152235331	0.008848558143	0.0341180865	-0.006788219144	0.001027337393	0.009226427068	0.1990778127	19.91958431	8657046.653	288739318.5	3.637946	-0.02523153716	0.02523153716	0	20.446173	0.06948998132	|	cg20_prepPush0003	121630	cg20_AfterPush0004	122303	arc_length	200	0.02811881662	0.1191645783	10.75752746	2991568.714	90020833.75	1.458334182	-0.01760287684	0.01760287684	0	27.52605768	0.03499191687
26	cg20_AfterPush0004	122303	-0.0001359482733	0.03494281237	-0.006316524493	3.118100075e-05	0.001152235331	0.008848558143	0.0341180865	-0.006788219144	0.001027337393	0.009226427068	0.1990778127	19.91958431	8657046.653	288739318.5	4.236595	-0.04565629552	0.04565629552	0	20.952723	0.08817304867	|	cg20_prepPush0003	121630	cg20_AfterPush0004	122303	arc_length	200	0.02811881662	0.1191645783	10.75752746	2991568.714	90020833.75	1.640625954	-0.04624908945	0.04624908945	0	27.70834945	0.04428664148
26	cg20_AfterPush0004	122303	-0.0001359482733	0.03494281237	-0.006316524493	3.118100075e-05	0.001152235331	0.008848558143	0.0341180865	-0.006788219144	0.001027337393	0.009226427068	0.1990778127	19.91958431	8657046.653	288739318.5	4.743144	-0.01688877812	0.01688877812	0	21.413222	0.1070855783	|	cg20_prepPush0003	121630	cg20_AfterPush0004	122303	arc_length	200	0.02811881662	0.1191645783	10.75752746	2991568.714	90020833.75	1.822917727	-0.05053621914	0.05053621914	0	27.89064122	0.05467486031
26	cg20_AfterPush0004	122303	-0.0001359482733	0.03494281237	-0.006316524493	3.118100075e-05	0.001152235331	0.008848558143	0.0341180865	-0.006788219144	0.001027337393	0.009226427068	0.1990778127	19.91958431	8657046.653	288739318.5	5.249693	0.01187873929	0.01187873929	0	21.873721	0.1278342473	|	cg20_prepPush0003	121630	cg20_AfterPush0004	122303	arc_length	200	0.02811881662	0.1191645783	10.75752746	2991568.714	90020833.75	2.0052095	-0.04011184721	0.04011184721	0	28.072933	0.06615657166
26	cg20_AfterPush0004	122303	-0.0001359482733	0.03494281237	-0.006316524493	3.118100075e-05	0.001152235331	0.008848558143	0.0341180865	-0.006788219144	0.001027337393	0.009226427068	0.1990778127	19.91958431	8657046.653	288739318.5	5.664143	-0.002261501662	0.002261501662	0	22.334221	0.1504190932	|	cg20_prepPush0003	121630	cg20_AfterPush0004	122303	arc_length	200	0.02811881662	0.1191645783	10.75752746	2991568.714	90020833.75	2.187501273	-0.02968747528	0.02968747528	0	28.25522477	0.07873177319
26	cg20_AfterPush0004	122303	-0.0001359482733	0.03494281237	-0.006316524493	3.118100075e-05	0.001152235331	0.008848558143	0.0341180865	-0.006788219144	0.001027337393	0.009226427068	0.1990778127	19.91958431	8657046.653	288739318.5	5.986492	0.03279056727	0.03279056727	0	22.79472	0.1748400001	|	cg20_prepPush0003	121630	cg20_AfterPush0004	122303	arc_length	200	0.02811881662	0.1191645783	10.75752746	2991568.714	90020833.75	2.369793045	-0.005790171068	0.005790171068	0	28.43751654	0.09240046187
26	cg20_AfterPush0004	122303	-0.0001359482733	0.03494281237	-0.006316524493	3.118100075e-05	0.001152235331	0.008848558143	0.0341180865	-0.006788219144	0.001027337393	0.009226427068	0.1990778127	19.91958431	8657046.653	288739318.5	6.493042	0.01550805056	0.01550805056	0	23.20917	0.1983887233	|	cg20_prepPush0003	121630	cg20_AfterPush0004	122303	arc_length	200	0.02811881662	0.1191645783	10.75752746	2991568.714	90020833.75	2.552084818	0.02080396586	0.02080396586	0	28.61980832	0.1071626338
26	cg20_AfterPush0004	122303	-0.0001359482733	0.03494281237	-0.006316524493	3.118100075e-05	0.001152235331	0.008848558143	0.0341180865	-0.006788219144	0.001027337393	0.009226427068	0.1990778127	19.91958431	8657046.653	288739318.5	6.907491	0.001367843728	0.001367843728	0	23.669669	0.2262981734	|	cg20_prepPush0003	121630	cg20_AfterPush0004	122303	arc_length	200	0.02811881662	0.1191645783	10.75752746	2991568.714	90020833.75	2.734376591	0.04694715289	0.04694715289	0	28.80210009	0.123018284
26	cg20_AfterPush0004	122303	-0.0001359482733	0.03494281237	-0.006316524493	3.118100075e-05	0.001152235331	0.008848558143	0.0341180865	-0.006788219144	0.001027337393	0.009226427068	0.1990778127	19.91958431	8657046.653	288739318.5	7.414041	0.03013532701	0.03013532701	0	24.176218	0.2591191862	|	cg20_prepPush0003	121630	cg20_AfterPush0004	122303	arc_length	200	0.02811881662	0.1191645783	10.75752746	2991568.714	90020833.75	2.916668363	0.02275344434	0.02275344434	0	28.98439186	0.1399674065
26	cg20_AfterPush0004	122303	-0.0001359482733	0.03494281237	-0.006316524493	3.118100075e-05	0.001152235331	0.008848558143	0.0341180865	-0.006788219144	0.001027337393	0.009226427068	0.1990778127	19.91958431	8657046.653	288739318.5	7.87454	0.0144239823	0.0144239823	0	24.728817	0.2974575896	|	cg20_prepPush0003	121630	cg20_AfterPush0004	122303	arc_length	200	0.02811881662	0.1191645783	10.75752746	2991568.714	90020833.75	3.098960136	-0.001440264207	0.001440264207	0	29.16668363	0.1580099937
26	cg20_AfterPush0004	122303	-0.0001359482733	0.03494281237	-0.006316524493	3.118100075e-05	0.001152235331	0.008848558143	0.0341180865	-0.006788219144	0.001027337393	0.009226427068	0.1990778127	19.91958431	8657046.653	288739318.5	8.288989	0.0002837754686	0.0002837754686	0	25.235367	0.3349236429	|	cg20_prepPush0003	121630	cg20_AfterPush0004	122303	arc_length	200	0.02811881662	0.1191645783	10.75752746	2991568.714	90020833.75	3.281251909	-0.01712566158	0.01712566158	0	29.34897541	0.1771460367
26	cg20_AfterPush0004	122303	-0.0001359482733	0.03494281237	-0.006316524493	3.118100075e-05	0.001152235331	0.008848558143	0.0341180865	-0.006788219144	0.001027337393	0.009226427068	0.1990778127	19.91958431	8657046.653	288739318.5	8.795539	0.02905125875	0.02905125875	0	25.787966	0.3783291106	|	cg20_prepPush0003	121630	cg20_AfterPush0004	122303	arc_length	200	0.02811881662	0.1191645783	10.75752746	2991568.714	90020833.75	3.463543682	-0.02322101492	0.02322101492	0	29.53126718	0.1973755249
26	cg20_AfterPush0004	122303	-0.0001359482733	0.03494281237	-0.006316524493	3.118100075e-05	0.001152235331	0.008848558143	0.0341180865	-0.006788219144	0.001027337393	0.009226427068	0.1990778127	19.91958431	8657046.653	288739318.5	9.256038	0.05938991404	0.05938991404	0	26.294515	0.4204397033	|	cg20_prepPush0003	121630	cg20_AfterPush0004	122303	arc_length	200	0.02811881662	0.1191645783	10.75752746	2991568.714	90020833.75	3.645835454	-0.02931636825	0.02931636825	0	29.71355895	0.2186984455
26	cg20_AfterPush0004	122303	-0.0001359482733	0.03494281237	-0.006316524493	3.118100075e-05	0.001152235331	0.008848558143	0.0341180865	-0.006788219144	0.001027337393	0.009226427068	0.1990778127	19.91958431	8657046.653	288739318.5	9.808637	0.04053629356	0.04053629356	0	26.847115	0.4689118597	|	cg20_prepPush0003	121630	cg20_AfterPush0004	122303	arc_length	200	0.02811881662	0.1191645783	10.75752746	2991568.714	90020833.75	3.828127227	-0.03541172158	0.03541172158	0	29.89585072	0.2411147838
26	cg20_AfterPush0004	122303	-0.0001359482733	0.03494281237	-0.006316524493	3.118100075e-05	0.001152235331	0.008848558143	0.0341180865	-0.006788219144	0.001027337393	0.009226427068	0.1990778127	19.91958431	8657046.653	288739318.5	10.775686	0.007542432131	0.007542432131	0	27.399714	0.5200271321	|	cg20_prepPush0003	121630	cg20_AfterPush0004	122303	arc_length	200	0.02811881662	0.1191645783	10.75752746	2991568.714	90020833.75	4.010419	-0.04150707491	0.04150707491	0	30.0781425	0.2646245226
26	cg20_AfterPush0004	122303	-0.0001359482733	0.03494281237	-0.006316524493	3.118100075e-05	0.001152235331	0.008848558143	0.0341180865	-0.006788219144	0.001027337393	0.009226427068	0.1990778127	19.91958431	8657046.653	288739318.5	11.190136	0.03945219118	0.03945219118	0	27.952313	0.5737854021	|	cg20_prepPush0003	121630	cg20_AfterPush0004	122303	arc_length	200	0.02811881662	0.1191645783	10.75752746	2991568.714	90020833.75	4.192710772	-0.04760242825	0.04760242825	0	30.26043427	0.2892276421
26	cg20_AfterPush0004	122303	-0.0001359482733	0.03494281237	-0.006316524493	3.118100075e-05	0.001152235331	0.008848558143	0.0341180865	-0.006788219144	0.001027337393	0.009226427068	0.1990778127	19.91958431	8657046.653	288739318.5	11.696685	-0.02388029142	0.02388029142	0	28.412813	0.6206028333	|	cg20_prepPush0003	121630	cg20_AfterPush0004	122303	arc_length	200	0.02811881662	0.1191645783	10.75752746	2991568.714	90020833.75	4.375002545	-0.04339556788	0.04339556788	0	30.44272604	0.3149241195
26	cg20_AfterPush0004	122303	-0.0001359482733	0.03494281237	-0.006316524493	3.118100075e-05	0.001152235331	0.008848558143	0.0341180865	-0.006788219144	0.001027337393	0.009226427068	0.1990778127	19.91958431	8657046.653	288739318.5	12.065084	0.009600639637	0.009600639637	0	28.965412	0.6792059609	|	cg20_prepPush0003	121630	cg20_AfterPush0004	122303	arc_length	200	0.02811881662	0.1191645783	10.75752746	2991568.714	90020833.75	4.557294318	-0.01136923523	0.01136923523	0	30.62501782	0.3417139291
26	cg20_AfterPush0004	122303	-0.0001359482733	0.03494281237	-0.006316524493	3.118100075e-05	0.001152235331	0.008848558143	0.0341180865	-0.006788219144	0.001027337393	0.009226427068	0.1990778127	19.91958431	8657046.653	288739318.5	12.571634	-0.007681877078	0.007681877078	0	30.07061	0.8043385501	|	cg20_prepPush0003	121630	cg20_AfterPush0004	122303	arc_length	200	0.02811881662	0.1191645783	10.75752746	2991568.714	90020833.75	4.73958609	0.02193731898	0.02193731898	0	30.80730959	0.3695970413
26	cg20_AfterPush0004	122303	-0.0001359482733	0.03494281237	-0.006316524493	3.118100075e-05	0.001152235331	0.008848558143	0.0341180865	-0.006788219144	0.001027337393	0.009226427068	0.1990778127	19.91958431	8657046.653	288739318.5	13.124233	-0.02653549756	0.02653549756	0	30.48506	0.8539875615	|	cg20_prepPush0003	121630	cg20_AfterPush0004	122303	arc_length	200	0.02811881662	0.1191645783	10.75752746	2991568.714	90020833.75	4.921877863	0.02369430338	0.02369430338	0	30.98960136	0.3985734233
26	cg20_AfterPush0004	122303	-0.0001359482733	0.03494281237	-0.006316524493	3.118100075e-05	0.001152235331	0.008848558143	0.0341180865	-0.006788219144	0.001027337393	0.009226427068	0.1990778127	19.91958431	8657046.653	288739318.5	13.676832	0.000660881962	0.000660881962	0	30.945559	0.9108954273	|	cg20_prepPush0003	121630	cg20_AfterPush0004	122303	arc_length	200	0.02811881662	0.1191645783	10.75752746	2991568.714	90020833.75	5.104169636	0.0247842667	0.0247842667	0	31.17189313	0.4286430379
26	cg20_AfterPush0004	122303	-0.0001359482733	0.03494281237	-0.006316524493	3.118100075e-05	0.001152235331	0.008848558143	0.0341180865	-0.006788219144	0.001027337393	0.009226427068	0.1990778127	19.91958431	8657046.653	288739318.5	14.229431	-0.01819273852	0.01819273852	0	31.406059	0.9696372724	|	cg20_prepPush0003	121630	cg20_AfterPush0004	122303	arc_length	200	0.02811881662	0.1191645783	10.75752746	2991568.714	90020833.75	5.286461409	0.02456267799	0.02456267799	0	31.35418491	0.4598058436
26	cg20_AfterPush0004	122303	-0.0001359482733	0.03494281237	-0.006316524493	3.118100075e-05	0.001152235331	0.008848558143	0.0341180865	-0.006788219144	0.001027337393	0.009226427068	0.1990778127	19.91958431	8657046.653	288739318.5	14.782031	-0.03704639312	0.03704639312	0	31.958658	1.042547607	|	cg20_prepPush0003	121630	cg20_AfterPush0004	122303	arc_length	200	0.02811881662	0.1191645783	10.75752746	2991568.714	90020833.75	5.468753181	0.009144506105	0.009144506105	0	31.53647668	0.4920617944
26	cg20_AfterPush0004	122303	-0.0001359482733	0.03494281237	-0.006316524493	3.118100075e-05	0.001152235331	0.008848558143	0.0341180865	-0.006788219144	0.001027337393	0.009226427068	0.1990778127	19.91958431	8657046.653	288739318.5	15.33463	-0.009850013597	0.009850013597	0	32.511257	1.11809765	|	cg20_prepPush0003	121630	cg20_AfterPush0004	122303	arc_length	200	0.02811881662	0.1191645783	10.75752746	2991568.714	90020833.75	5.651044954	-0.006273665783	0.006273665783	0	31.71876845	0.525410839
26	cg20_AfterPush0004	122303	-0.0001359482733	0.03494281237	-0.006316524493	3.118100075e-05	0.001152235331	0.008848558143	0.0341180865	-0.006788219144	0.001027337393	0.009226427068	0.1990778127	19.91958431	8657046.653	288739318.5	15.887229	-0.02870363408	0.02870363408	0	32.925707	1.176492206	|	cg20_prepPush0003	121630	cg20_AfterPush0004	122303	arc_length	200	0.02811881662	0.1191645783	10.75752746	2991568.714	90020833.75	5.833336727	-0.0008653830886	0.0008653830886	0	31.90106022	0.559852921
26	cg20_AfterPush0004	122303	-0.0001359482733	0.03494281237	-0.006316524493	3.118100075e-05	0.001152235331	0.008848558143	0.0341180865	-0.006788219144	0.001027337393	0.009226427068	0.1990778127	19.91958431	8657046.653	288739318.5	16.439829	-0.04755728868	0.04755728868	0	33.386206	1.243115577	|	cg20_prepPush0003	121630	cg20_AfterPush0004	122303	arc_length	200	0.02811881662	0.1191645783	10.75752746	2991568.714	90020833.75	6.015628499	0.009051782836	0.009051782836	0	32.083352	0.595387978
26	cg20_AfterPush0004	122303	-0.0001359482733	0.03494281237	-0.006316524493	3.118100075e-05	0.001152235331	0.008848558143	0.0341180865	-0.006788219144	0.001027337393	0.009226427068	0.1990778127	19.91958431	8657046.653	288739318.5	16.900328	-0.01721863339	0.01721863339	2.459620599e-06	33.938805	1.325481651	|	cg20_prepPush0003	121630	cg20_AfterPush0004	122303	arc_length	200	0.02811881662	0.1191645783	10.75752746	2991568.714	90020833.75	6.197920272	-0.006366389052	0.006366389052	0	32.26564377	0.6320159417
26	cg20_AfterPush0004	122303	-0.0001359482733	0.03494281237	-0.006316524493	3.118100075e-05	0.001152235331	0.008848558143	0.0341180865	-0.006788219144	0.001027337393	0.009226427068	0.1990778127	19.91958431	8657046.653	288739318.5	17.360827	-0.0329299781	0.0329299781	1.967696479e-05	34.445355	1.403300592	|	cg20_prepPush0003	121630	cg20_AfterPush0004	122303	arc_length	200	0.02811881662	0.1191645783	10.75752746	2991568.714	90020833.75	6.380212045	-0.02205035012	0.02205035012	0	32.44793554	0.6697367372
26	cg20_AfterPush0004	122303	-0.0001359482733	0.03494281237	-0.006316524493	3.118100075e-05	0.001152235331	0.008848558143	0.0341180865	-0.006788219144	0.001027337393	0.009226427068	0.1990778127	19.91958431	8657046.653	288739318.5	17.867377	-0.05021249482	0.05021249482	7.327472666e-05	35.044004	1.498124059	|	cg20_prepPush0003	121630	cg20_AfterPush0004	122303	arc_length	200	0.02811881662	0.1191645783	10.75752746	2991568.714	90020833.75	6.562503818	-0.02825234583	0.02825234583	0	32.63022732	0.7085502827
26	cg20_AfterPush0004	122303	-0.0001359482733	0.03494281237	-0.006316524493	3.118100075e-05	0.001152235331	0.008848558143	0.0341180865	-0.006788219144	0.001027337393	0.009226427068	0.1990778127	19.91958431	8657046.653	288739318.5	18.327876	-0.06592383953	0.06592383953	0.0001695198076	35.826853	1.626790043	|	cg20_prepPush0003	121630	cg20_AfterPush0004	122303	arc_length	200	0.02811881662	0.1191645783	10.75752746	2991568.714	90020833.75	6.74479559	-0.01450699283	0.01450699283	0	32.81251909	0.7484564891
26	cg20_AfterPush0004	122303	-0.0001359482733	0.03494281237	-0.006316524493	3.118100075e-05	0.001152235331	0.008848558143	0.0341180865	-0.006788219144	0.001027337393	0.009226427068	0.1990778127	19.91958431	8657046.653	288739318.5	18.880475	-0.03872746001	0.03872746001	0.0003661815211	36.195252	1.689167634	|	cg20_prepPush0003	121630	cg20_AfterPush0004	122303	arc_length	200	0.02811881662	0.1191645783	10.75752746	2991568.714	90020833.75	6.927087363	-0.001055549825	0.001055549825	0	32.99481086	0.7894552595
26	cg20_AfterPush0004	122303	-0.0001359482733	0.03494281237	-0.006316524493	3.118100075e-05	0.001152235331	0.008848558143	0.0341180865	-0.006788219144	0.001027337393	0.009226427068	0.1990778127	19.91958431	8657046.653	288739318.5	19.479124	-0.05915221838	0.05915221838	0.0007071322006	nan	nan	|	cg20_prepPush0003	121630	cg20_AfterPush0004	122303	arc_length	200	0.02811881662	0.1191645783	10.75752746	2991568.714	90020833.75	7.109379136	0.009173236991	0.009173236991	0	33.17710263	0.831546489
26	cg20_AfterPush0004	122303	-0.0001359482733	0.03494281237	-0.006316524493	3.118100075e-05	0.001152235331	0.008848558143	0.0341180865	-0.006788219144	0.001027337393	0.009226427068	0.1990778127	19.91958431	8657046.653	288739318.5	19.985674	-0.03038473509	0.03038473509	0.001122900536	nan	nan	|	cg20_prepPush0003	121630	cg20_AfterPush0004	122303	arc_length	200	0.02811881662	0.1191645783	10.75752746	2991568.714	90020833.75	7.291670908	0.0201869061	0.0201869061	0	33.35939441	0.8747300638
26	cg20_AfterPush0004	122303	-0.0001359482733	0.03494281237	-0.006316524493	3.118100075e-05	0.001152235331	0.008848558143	0.0341180865	-0.006788219144	0.001027337393	0.009226427068	0.1990778127	19.91958431	8657046.653	288739318.5	20.446173	-0.0460960798	0.0460960798	0.001619670818	nan	nan	|	cg20_prepPush0003	121630	cg20_AfterPush0004	122303	arc_length	200	0.02811881662	0.1191645783	10.75752746	2991568.714	90020833.75	7.473962681	-0.006291469342	0.006291469342	0	33.54168618	0.9190058614
26	cg20_AfterPush0004	122303	-0.0001359482733	0.03494281237	-0.006316524493	3.118100075e-05	0.001152235331	0.008848558143	0.0341180865	-0.006788219144	0.001027337393	0.009226427068	0.1990778127	19.91958431	8657046.653	288739318.5	20.952723	-0.06337859652	0.06337859652	0.002314981079	nan	nan	|	cg20_prepPush0003	121630	cg20_AfterPush0004	122303	arc_length	200	0.02811881662	0.1191645783	10.75752746	2991568.714	90020833.75	7.656254454	-0.05731206871	0.05731206871	0	33.72397795	0.9643737495
26	cg20_AfterPush0004	122303	-0.0001359482733	0.03494281237	-0.006316524493	3.118100075e-05	0.001152235331	0.008848558143	0.0341180865	-0.006788219144	0.001027337393	0.009226427068	0.1990778127	19.91958431	8657046.653	288739318.5	21.413222	-0.07908994123	0.07908994123	0.003098420686	nan	nan	|	cg20_prepPush0003	121630	cg20_AfterPush0004	122303	arc_length	200	0.02811881662	0.1191645783	10.75752746	2991568.714	90020833.75	7.838546227	-0.06109586332	0.06109586332	0	33.90626972	1.010833586
26	cg20_AfterPush0004	122303	-0.0001359482733	0.03494281237	-0.006316524493	3.118100075e-05	0.001152235331	0.008848558143	0.0341180865	-0.006788219144	0.001027337393	0.009226427068	0.1990778127	19.91958431	8657046.653	288739318.5	21.873721	-0.04875228595	0.04875228595	0.004041243831	nan	nan	|	cg20_prepPush0003	121630	cg20_AfterPush0004	122303	arc_length	200	0.02811881662	0.1191645783	10.75752746	2991568.714	90020833.75	8.020837999	-0.04438445317	0.04438445317	0	34.0885615	1.058385218
26	cg20_AfterPush0004	122303	-0.0001359482733	0.03494281237	-0.006316524493	3.118100075e-05	0.001152235331	0.008848558143	0.0341180865	-0.006788219144	0.001027337393	0.009226427068	0.1990778127	19.91958431	8657046.653	288739318.5	22.334221	-0.06446366478	0.06446366478	0.00515821086	nan	nan	|	cg20_prepPush0003	121630	cg20_AfterPush0004	122303	arc_length	200	0.02811881662	0.1191645783	10.75752746	2991568.714	90020833.75	8.203129772	-0.04318765433	0.04318765433	0	34.27085327	1.107028481
26	cg20_AfterPush0004	122303	-0.0001359482733	0.03494281237	-0.006316524493	3.118100075e-05	0.001152235331	0.008848558143	0.0341180865	-0.006788219144	0.001027337393	0.009226427068	0.1990778127	19.91958431	8657046.653	288739318.5	22.79472	-0.08017500949	0.08017500949	0.006464074675	nan	nan	|	cg20_prepPush0003	121630	cg20_AfterPush0004	122303	arc_length	200	0.02811881662	0.1191645783	10.75752746	2991568.714	90020833.75	8.385421545	-0.04319608227	0.04319608227	0	34.45314504	1.156763201
26	cg20_AfterPush0004	122303	-0.0001359482733	0.03494281237	-0.006316524493	3.118100075e-05	0.001152235331	0.008848558143	0.0341180865	-0.006788219144	0.001027337393	0.009226427068	0.1990778127	19.91958431	8657046.653	288739318.5	23.20917	-0.04826525044	0.04826525044	0.007813061141	nan	nan	|	cg20_prepPush0003	121630	cg20_AfterPush0004	122303	arc_length	200	0.02811881662	0.1191645783	10.75752746	2991568.714	90020833.75	8.567713317	-0.03277171034	0.03277171034	0	34.63543682	1.207589189
26	cg20_AfterPush0004	122303	-0.0001359482733	0.03494281237	-0.006316524493	3.118100075e-05	0.001152235331	0.008848558143	0.0341180865	-0.006788219144	0.001027337393	0.009226427068	0.1990778127	19.91958431	8657046.653	288739318.5	23.669669	-0.06397659516	0.06397659516	0.009518491053	nan	nan	|	cg20_prepPush0003	121630	cg20_AfterPush0004	122303	arc_length	200	0.02811881662	0.1191645783	10.75752746	2991568.714	90020833.75	8.75000509	-0.02234733841	0.02234733841	0	34.81772859	1.259506247
26	cg20_AfterPush0004	122303	-0.0001359482733	0.03494281237	-0.006316524493	3.118100075e-05	0.001152235331	0.008848558143	0.0341180865	-0.006788219144	0.001027337393	0.009226427068	0.1990778127	19.91958431	8657046.653	288739318.5	24.176218	-0.03520907775	0.03520907775	0.01166264197	nan	nan	|	cg20_prepPush0003	121630	cg20_AfterPush0004	122303	arc_length	200	0.02811881662	0.1191645783	10.75752746	2991568.714	90020833.75	8.932296863	-0.01096064752	0.01096064752	0	35.00002036	1.31251416
26	cg20_AfterPush0004	122303	-0.0001359482733	0.03494281237	-0.006316524493	3.118100075e-05	0.001152235331	0.008848558143	0.0341180865	-0.006788219144	0.001027337393	0.009226427068	0.1990778127	19.91958431	8657046.653	288739318.5	24.728817	-0.008012698232	0.008012698232	0.01434453848	nan	nan	|	cg20_prepPush0003	121630	cg20_AfterPush0004	122303	arc_length	200	0.02811881662	0.1191645783	10.75752746	2991568.714	90020833.75	9.114588636	0.001102854781	0.001102854781	0	35.18231213	1.366612703
26	cg20_AfterPush0004	122303	-0.0001359482733	0.03494281237	-0.006316524493	3.118100075e-05	0.001152235331	0.008848558143	0.0341180865	-0.006788219144	0.001027337393	0.009226427068	0.1990778127	19.91958431	8657046.653	288739318.5	25.235367	-0.07134521495	0.07134521495	0.01713836055	nan	nan	|	cg20_prepPush0003	121630	cg20_AfterPush0004	122303	arc_length	200	0.02811881662	0.1191645783	10.75752746	2991568.714	90020833.75	9.296880408	0.01228878975	0.01228878975	0	35.36460391	1.421801633
26	cg20_AfterPush0004	122303	-0.0001359482733	0.03494281237	-0.006316524493	3.118100075e-05	0.001152235331	0.008848558143	0.0341180865	-0.006788219144	0.001027337393	0.009226427068	0.1990778127	19.91958431	8657046.653	288739318.5	25.787966	-0.09019883543	0.09019883543	0.02057582477	nan	nan	|	cg20_prepPush0003	121630	cg20_AfterPush0004	122303	arc_length	200	0.02811881662	0.1191645783	10.75752746	2991568.714	90020833.75	9.479172181	0.00619343642	0.00619343642	0	35.54689568	1.478080694
26	cg20_AfterPush0004	122303	-0.0001359482733	0.03494281237	-0.006316524493	3.118100075e-05	0.001152235331	0.008848558143	0.0341180865	-0.006788219144	0.001027337393	0.009226427068	0.1990778127	19.91958431	8657046.653	288739318.5	26.294515	-0.107481318	0.107481318	0.02410518228	nan	nan	|	cg20_prepPush0003	121630	cg20_AfterPush0004	122303	arc_length	200	0.02811881662	0.1191645783	10.75752746	2991568.714	90020833.75	9.661463954	9.808308673e-05	9.808308673e-05	0	35.72918745	1.535449617
26	cg20_AfterPush0004	122303	-0.0001359482733	0.03494281237	-0.006316524493	3.118100075e-05	0.001152235331	0.008848558143	0.0341180865	-0.006788219144	0.001027337393	0.009226427068	0.1990778127	19.91958431	8657046.653	288739318.5	26.847115	-0.1263349726	0.1263349726	0.02839190385	nan	nan	|	cg20_prepPush0003	121630	cg20_AfterPush0004	122303	arc_length	200	0.02811881662	0.1191645783	10.75752746	2991568.714	90020833.75	9.843755726	-0.005997270246	0.005997270246	0	35.91147922	1.593908112
26	cg20_AfterPush0004	122303	-0.0001359482733	0.03494281237	-0.006316524493	3.118100075e-05	0.001152235331	0.008848558143	0.0341180865	-0.006788219144	0.001027337393	0.009226427068	0.1990778127	19.91958431	8657046.653	288739318.5	27.399714	-0.0530885931	0.0530885931	0.03315889419	nan	nan	|	cg20_prepPush0003	121630	cg20_AfterPush0004	122303	arc_length	200	0.02811881662	0.1191645783	10.75752746	2991568.714	90020833.75	10.0260475	-0.01209262358	0.01209262358	0	36.093771	1.653455875
26	cg20_AfterPush0004	122303	-0.0001359482733	0.03494281237	-0.006316524493	3.118100075e-05	0.001152235331	0.008848558143	0.0341180865	-0.006788219144	0.001027337393	0.009226427068	0.1990778127	19.91958431	8657046.653	288739318.5	27.952313	-0.07194221358	0.07194221358	0.038431662	nan	nan	|	cg20_prepPush0003	121630	cg20_AfterPush0004	122303	arc_length	200	0.02811881662	0.1191645783	10.75752746	2991568.714	90020833.75	10.20833927	-0.01803657452	0.01803657452	0	36.27606277	1.714092585
26	cg20_AfterPush0004	122303	-0.0001359482733	0.03494281237	-0.006316524493	3.118100075e-05	0.001152235331	0.008848558143	0.0341180865	-0.006788219144	0.001027337393	0.009226427068	0.1990778127	19.91958431	8657046.653	288739318.5	28.412813	-0.08765359242	0.08765359242	0.04323039997	nan	nan	|	cg20_prepPush0003	121630	cg20_AfterPush0004	122303	arc_length	200	0.02811881662	0.1191645783	10.75752746	2991568.714	90020833.75	10.39063104	-0.01098434421	0.01098434421	0	nan	nan
26	cg20_AfterPush0004	122303	-0.0001359482733	0.03494281237	-0.006316524493	3.118100075e-05	0.001152235331	0.008848558143	0.0341180865	-0.006788219144	0.001027337393	0.009226427068	0.1990778127	19.91958431	8657046.653	288739318.5	28.965412	-0.1065072129	0.1065072129	0.04949666007	nan	nan	|	cg20_prepPush0003	121630	cg20_AfterPush0004	122303	arc_length	200	0.02811881662	0.1191645783	10.75752746	2991568.714	90020833.75	10.57292282	-0.0005066716811	0.0005066716811	0	nan	nan
26	cg20_AfterPush0004	122303	-0.0001359482733	0.03494281237	-0.006316524493	3.118100075e-05	0.001152235331	0.008848558143	0.0341180865	-0.006788219144	0.001027337393	0.009226427068	0.1990778127	19.91958431	8657046.653	288739318.5	30.07061	-0.09816445386	0.09816445386	0.06378877587	nan	nan	|	cg20_prepPush0003	121630	cg20_AfterPush0004	122303	arc_length	200	0.02811881662	0.1191645783	10.75752746	2991568.714	90020833.75	10.75521459	0.009939296657	0.009939296657	0	nan	nan
26	cg20_AfterPush0004	122303	-0.0001359482733	0.03494281237	-0.006316524493	3.118100075e-05	0.001152235331	0.008848558143	0.0341180865	-0.006788219144	0.001027337393	0.009226427068	0.1990778127	19.91958431	8657046.653	288739318.5	30.48506	-0.0662546948	0.0662546948	0.06978606432	nan	nan	|	cg20_prepPush0003	121630	cg20_AfterPush0004	122303	arc_length	200	0.02811881662	0.1191645783	10.75752746	2991568.714	90020833.75	10.93750636	0.03625934226	0.03625934226	0	nan	nan
26	cg20_AfterPush0004	122303	-0.0001359482733	0.03494281237	-0.006316524493	3.118100075e-05	0.001152235331	0.008848558143	0.0341180865	-0.006788219144	0.001027337393	0.009226427068	0.1990778127	19.91958431	8657046.653	288739318.5	30.945559	-0.08196603952	0.08196603952	0.07687777684	nan	nan	|	cg20_prepPush0003	121630	cg20_AfterPush0004	122303	arc_length	200	0.02811881662	0.1191645783	10.75752746	2991568.714	90020833.75	11.11979814	0.06832342376	0.06832342376	0	nan	nan
26	cg20_AfterPush0004	122303	-0.0001359482733	0.03494281237	-0.006316524493	3.118100075e-05	0.001152235331	0.008848558143	0.0341180865	-0.006788219144	0.001027337393	0.009226427068	0.1990778127	19.91958431	8657046.653	288739318.5	31.406059	-0.09767741835	0.09767741835	0.08443437494	nan	nan	|	cg20_prepPush0003	121630	cg20_AfterPush0004	122303	arc_length	200	0.02811881662	0.1191645783	10.75752746	2991568.714	90020833.75	11.30208991	0.07659872166	0.07659872166	0	nan	nan
26	cg20_AfterPush0004	122303	-0.0001359482733	0.03494281237	-0.006316524493	3.118100075e-05	0.001152235331	0.008848558143	0.0341180865	-0.006788219144	0.001027337393	0.009226427068	0.1990778127	19.91958431	8657046.653	288739318.5	31.958658	-0.1165310388	0.1165310388	0.09413668278	nan	nan	|	cg20_prepPush0003	121630	cg20_AfterPush0004	122303	arc_length	200	0.02811881662	0.1191645783	10.75752746	2991568.714	90020833.75	11.48438168	0.05389410441	0.05389410441	0	nan	nan
26	cg20_AfterPush0004	122303	-0.0001359482733	0.03494281237	-0.006316524493	3.118100075e-05	0.001152235331	0.008848558143	0.0341180865	-0.006788219144	0.001027337393	0.009226427068	0.1990778127	19.91958431	8657046.653	288739318.5	32.511257	-0.1353846593	0.1353846593	0.1045551545	nan	nan	|	cg20_prepPush0003	121630	cg20_AfterPush0004	122303	arc_length	200	0.02811881662	0.1191645783	10.75752746	2991568.714	90020833.75	11.66667345	0.03122264217	0.03122264217	0	nan	nan
26	cg20_AfterPush0004	122303	-0.0001359482733	0.03494281237	-0.006316524493	3.118100075e-05	0.001152235331	0.008848558143	0.0341180865	-0.006788219144	0.001027337393	0.009226427068	0.1990778127	19.91958431	8657046.653	288739318.5	32.925707	-0.1034749003	0.1034749003	0.112854347	nan	nan	|	cg20_prepPush0003	121630	cg20_AfterPush0004	122303	arc_length	200	0.02811881662	0.1191645783	10.75752746	2991568.714	90020833.75	11.84896523	0.02311471437	0.02311471437	0	nan	nan
26	cg20_AfterPush0004	122303	-0.0001359482733	0.03494281237	-0.006316524493	3.118100075e-05	0.001152235331	0.008848558143	0.0341180865	-0.006788219144	0.001027337393	0.009226427068	0.1990778127	19.91958431	8657046.653	288739318.5	33.386206	-0.07313624497	0.07313624497	0.1225780303	nan	nan	|	cg20_prepPush0003	121630	cg20_AfterPush0004	122303	arc_length	200	0.02811881662	0.1191645783	10.75752746	2991568.714	90020833.75	12.031257	0.02446931242	0.02446931242	0	nan	nan
26	cg20_AfterPush0004	122303	-0.0001359482733	0.03494281237	-0.006316524493	3.118100075e-05	0.001152235331	0.008848558143	0.0341180865	-0.006788219144	0.001027337393	0.009226427068	0.1990778127	19.91958431	8657046.653	288739318.5	33.938805	-0.09198986545	0.09198986545	0.1349646255	nan	nan	|	cg20_prepPush0003	121630	cg20_AfterPush0004	122303	arc_length	200	0.02811881662	0.1191645783	10.75752746	2991568.714	90020833.75	12.21354877	0.01256074076	0.01256074076	0	nan	nan
26	cg20_AfterPush0004	122303	-0.0001359482733	0.03494281237	-0.006316524493	3.118100075e-05	0.001152235331	0.008848558143	0.0341180865	-0.006788219144	0.001027337393	0.009226427068	0.1990778127	19.91958431	8657046.653	288739318.5	34.445355	-0.1092723822	0.1092723822	0.1470278093	nan	nan	|	cg20_prepPush0003	121630	cg20_AfterPush0004	122303	arc_length	200	0.02811881662	0.1191645783	10.75752746	2991568.714	90020833.75	12.39584054	0.01073092107	0.01073092107	0	nan	nan
26	cg20_AfterPush0004	122303	-0.0001359482733	0.03494281237	-0.006316524493	3.118100075e-05	0.001152235331	0.008848558143	0.0341180865	-0.006788219144	0.001027337393	0.009226427068	0.1990778127	19.91958431	8657046.653	288739318.5	35.044004	-0.1296971405	0.1296971405	0.1621859748	nan	nan	|	cg20_prepPush0003	121630	cg20_AfterPush0004	122303	arc_length	200	0.02811881662	0.1191645783	10.75752746	2991568.714	90020833.75	12.57813232	0.01987028872	0.01987028872	0	nan	nan
26	cg20_AfterPush0004	122303	-0.0001359482733	0.03494281237	-0.006316524493	3.118100075e-05	0.001152235331	0.008848558143	0.0341180865	-0.006788219144	0.001027337393	0.009226427068	0.1990778127	19.91958431	8657046.653	288739318.5	35.826853	-0.2024564504	0.2024564504	0.183533561	nan	nan	|	cg20_prepPush0003	121630	cg20_AfterPush0004	122303	arc_length	200	0.02811881662	0.1191645783	10.75752746	2991568.714	90020833.75	12.76042409	0.02886522717	0.02886522717	0	nan	nan
26	cg20_AfterPush0004	122303	-0.0001359482733	0.03494281237	-0.006316524493	3.118100075e-05	0.001152235331	0.008848558143	0.0341180865	-0.006788219144	0.001027337393	0.009226427068	0.1990778127	19.91958431	8657046.653	288739318.5	36.195252	-0.1689755194	0.1689755194	0.1941963428	nan	nan	|	cg20_prepPush0003	121630	cg20_AfterPush0004	122303	arc_length	200	0.02811881662	0.1191645783	10.75752746	2991568.714	90020833.75	12.94271586	0.02883240122	0.02883240122	0	nan	nan
26	cg20_AfterPush0004	122303	-0.0001359482733	0.03494281237	-0.006316524493	3.118100075e-05	0.001152235331	0.008848558143	0.0341180865	-0.006788219144	0.001027337393	0.009226427068	0.1990778127	19.91958431	8657046.653	288739318.5	nan	nan	nan	nan	nan	nan	|	cg20_prepPush0003	121630	cg20_AfterPush0004	122303	arc_length	200	0.02811881662	0.1191645783	10.75752746	2991568.714	90020833.75	13.12500764	0.02266161147	0.02266161147	0	nan	nan
26	cg20_AfterPush0004	122303	-0.0001359482733	0.03494281237	-0.006316524493	3.118100075e-05	0.001152235331	0.008848558143	0.0341180865	-0.006788219144	0.001027337393	0.009226427068	0.1990778127	19.91958431	8657046.653	288739318.5	nan	nan	nan	nan	nan	nan	|	cg20_prepPush0003	121630	cg20_AfterPush0004	122303	arc_length	200	0.02811881662	0.1191645783	10.75752746	2991568.714	90020833.75	13.30729941	0.02849548684	0.02849548684	0	nan	nan
26	cg20_AfterPush0004	122303	-0.0001359482733	0.03494281237	-0.006316524493	3.118100075e-05	0.001152235331	0.008848558143	0.0341180865	-0.006788219144	0.001027337393	0.009226427068	0.1990778127	19.91958431	8657046.653	288739318.5	nan	nan	nan	nan	nan	nan	|	cg20_prepPush0003	121630	cg20_AfterPush0004	122303	arc_length	200	0.02811881662	0.1191645783	10.75752746	2991568.714	90020833.75	13.48959118	0.03755125812	0.03755125812	0	nan	nan
26	cg20_AfterPush0004	122303	-0.0001359482733	0.03494281237	-0.006316524493	3.118100075e-05	0.001152235331	0.008848558143	0.0341180865	-0.006788219144	0.001027337393	0.009226427068	0.1990778127	19.91958431	8657046.653	288739318.5	nan	nan	nan	nan	nan	nan	|	cg20_prepPush0003	121630	cg20_AfterPush0004	122303	arc_length	200	0.02811881662	0.1191645783	10.75752746	2991568.714	90020833.75	13.67188295	0.0466070294	0.0466070294	0	nan	nan
26	cg20_AfterPush0004	122303	-0.0001359482733	0.03494281237	-0.006316524493	3.118100075e-05	0.001152235331	0.008848558143	0.0341180865	-0.006788219144	0.001027337393	0.009226427068	0.1990778127	19.91958431	8657046.653	288739318.5	nan	nan	nan	nan	nan	nan	|	cg20_prepPush0003	121630	cg20_AfterPush0004	122303	arc_length	200	0.02811881662	0.1191645783	10.75752746	2991568.714	90020833.75	13.85417473	0.04436849472	0.04436849472	0	nan	nan
26	cg20_AfterPush0004	122303	-0.0001359482733	0.03494281237	-0.006316524493	3.118100075e-05	0.001152235331	0.008848558143	0.0341180865	-0.006788219144	0.001027337393	0.009226427068	0.1990778127	19.91958431	8657046.653	288739318.5	nan	nan	nan	nan	nan	nan	|	cg20_prepPush0003	121630	cg20_AfterPush0004	122303	arc_length	200	0.02811881662	0.1191645783	10.75752746	2991568.714	90020833.75	14.0364665	0.03827314139	0.03827314139	0	nan	nan
26	cg20_AfterPush0004	122303	-0.0001359482733	0.03494281237	-0.006316524493	3.118100075e-05	0.001152235331	0.008848558143	0.0341180865	-0.006788219144	0.001027337393	0.009226427068	0.1990778127	19.91958431	8657046.653	288739318.5	nan	nan	nan	nan	nan	nan	|	cg20_prepPush0003	121630	cg20_AfterPush0004	122303	arc_length	200	0.02811881662	0.1191645783	10.75752746	2991568.714	90020833.75	14.21875827	0.03217778806	0.03217778806	0	nan	nan
26	cg20_AfterPush0004	122303	-0.0001359482733	0.03494281237	-0.006316524493	3.118100075e-05	0.001152235331	0.008848558143	0.0341180865	-0.006788219144	0.001027337393	0.009226427068	0.1990778127	19.91958431	8657046.653	288739318.5	nan	nan	nan	nan	nan	nan	|	cg20_prepPush0003	121630	cg20_AfterPush0004	122303	arc_length	200	0.02811881662	0.1191645783	10.75752746	2991568.714	90020833.75	14.40105004	0.02608243472	0.02608243472	0	nan	nan
26	cg20_AfterPush0004	122303	-0.0001359482733	0.03494281237	-0.006316524493	3.118100075e-05	0.001152235331	0.008848558143	0.0341180865	-0.006788219144	0.001027337393	0.009226427068	0.1990778127	19.91958431	8657046.653	288739318.5	nan	nan	nan	nan	nan	nan	|	cg20_prepPush0003	121630	cg20_AfterPush0004	122303	arc_length	200	0.02811881662	0.1191645783	10.75752746	2991568.714	90020833.75	14.58334182	0.01998708139	0.01998708139	0	nan	nan
26	cg20_AfterPush0004	122303	-0.0001359482733	0.03494281237	-0.006316524493	3.118100075e-05	0.001152235331	0.008848558143	0.0341180865	-0.006788219144	0.001027337393	0.009226427068	0.1990778127	19.91958431	8657046.653	288739318.5	nan	nan	nan	nan	nan	nan	|	cg20_prepPush0003	121630	cg20_AfterPush0004	122303	arc_length	200	0.02811881662	0.1191645783	10.75752746	2991568.714	90020833.75	14.76563359	0.01389172806	0.01389172806	0	nan	nan
26	cg20_AfterPush0004	122303	-0.0001359482733	0.03494281237	-0.006316524493	3.118100075e-05	0.001152235331	0.008848558143	0.0341180865	-0.006788219144	0.001027337393	0.009226427068	0.1990778127	19.91958431	8657046.653	288739318.5	nan	nan	nan	nan	nan	nan	|	cg20_prepPush0003	121630	cg20_AfterPush0004	122303	arc_length	200	0.02811881662	0.1191645783	10.75752746	2991568.714	90020833.75	14.94792536	0.01813915345	0.01813915345	0	nan	nan
26	cg20_AfterPush0004	122303	-0.0001359482733	0.03494281237	-0.006316524493	3.118100075e-05	0.001152235331	0.008848558143	0.0341180865	-0.006788219144	0.001027337393	0.009226427068	0.1990778127	19.91958431	8657046.653	288739318.5	nan	nan	nan	nan	nan	nan	|	cg20_prepPush0003	121630	cg20_AfterPush0004	122303	arc_length	200	0.02811881662	0.1191645783	10.75752746	2991568.714	90020833.75	15.13021713	0.02719492473	0.02719492473	0	nan	nan
26	cg20_AfterPush0004	122303	-0.0001359482733	0.03494281237	-0.006316524493	3.118100075e-05	0.001152235331	0.008848558143	0.0341180865	-0.006788219144	0.001027337393	0.009226427068	0.1990778127	19.91958431	8657046.653	288739318.5	nan	nan	nan	nan	nan	nan	|	cg20_prepPush0003	121630	cg20_AfterPush0004	122303	arc_length	200	0.02811881662	0.1191645783	10.75752746	2991568.714	90020833.75	15.31250891	0.036250696	0.036250696	0	nan	nan
26	cg20_AfterPush0004	122303	-0.0001359482733	0.03494281237	-0.006316524493	3.118100075e-05	0.001152235331	0.008848558143	0.0341180865	-0.006788219144	0.001027337393	0.009226427068	0.1990778127	19.91958431	8657046.653	288739318.5	nan	nan	nan	nan	nan	nan	|	cg20_prepPush0003	121630	cg20_AfterPush0004	122303	arc_length	200	0.02811881662	0.1191645783	10.75752746	2991568.714	90020833.75	15.49480068	0.03559861131	0.03559861131	0	nan	nan
26	cg20_AfterPush0004	122303	-0.0001359482733	0.03494281237	-0.006316524493	3.118100075e-05	0.001152235331	0.008848558143	0.0341180865	-0.006788219144	0.001027337393	0.009226427068	0.1990778127	19.91958431	8657046.653	288739318.5	nan	nan	nan	nan	nan	nan	|	cg20_prepPush0003	121630	cg20_AfterPush0004	122303	arc_length	200	0.02811881662	0.1191645783	10.75752746	2991568.714	90020833.75	15.67709245	0.02950325797	0.02950325797	0	nan	nan
26	cg20_AfterPush0004	122303	-0.0001359482733	0.03494281237	-0.006316524493	3.118100075e-05	0.001152235331	0.008848558143	0.0341180865	-0.006788219144	0.001027337393	0.009226427068	0.1990778127	19.91958431	8657046.653	288739318.5	nan	nan	nan	nan	nan	nan	|	cg20_prepPush0003	121630	cg20_AfterPush0004	122303	arc_length	200	0.02811881662	0.1191645783	10.75752746	2991568.714	90020833.75	15.85938423	0.02340790464	0.02340790464	0	nan	nan
26	cg20_AfterPush0004	122303	-0.0001359482733	0.03494281237	-0.006316524493	3.118100075e-05	0.001152235331	0.008848558143	0.0341180865	-0.006788219144	0.001027337393	0.009226427068	0.1990778127	19.91958431	8657046.653	288739318.5	nan	nan	nan	nan	nan	nan	|	cg20_prepPush0003	121630	cg20_AfterPush0004	122303	arc_length	200	0.02811881662	0.1191645783	10.75752746	2991568.714	90020833.75	16.041676	0.01731255131	0.01731255131	0	nan	nan
26	cg20_AfterPush0004	122303	-0.0001359482733	0.03494281237	-0.006316524493	3.118100075e-05	0.001152235331	0.008848558143	0.0341180865	-0.006788219144	0.001027337393	0.009226427068	0.1990778127	19.91958431	8657046.653	288739318.5	nan	nan	nan	nan	nan	nan	|	cg20_prepPush0003	121630	cg20_AfterPush0004	122303	arc_length	200	0.02811881662	0.1191645783	10.75752746	2991568.714	90020833.75	16.22396777	0.01121719798	0.01121719798	0	nan	nan
26	cg20_AfterPush0004	122303	-0.0001359482733	0.03494281237	-0.006316524493	3.118100075e-05	0.001152235331	0.008848558143	0.0341180865	-0.006788219144	0.001027337393	0.009226427068	0.1990778127	19.91958431	8657046.653	288739318.5	nan	nan	nan	nan	nan	nan	|	cg20_prepPush0003	121630	cg20_AfterPush0004	122303	arc_length	200	0.02811881662	0.1191645783	10.75752746	2991568.714	90020833.75	16.40625954	0.005121844643	0.005121844643	0	nan	nan
26	cg20_AfterPush0004	122303	-0.0001359482733	0.03494281237	-0.006316524493	3.118100075e-05	0.001152235331	0.008848558143	0.0341180865	-0.006788219144	0.001027337393	0.009226427068	0.1990778127	19.91958431	8657046.653	288739318.5	nan	nan	nan	nan	nan	nan	|	cg20_prepPush0003	121630	cg20_AfterPush0004	122303	arc_length	200	0.02811881662	0.1191645783	10.75752746	2991568.714	90020833.75	16.58855132	0.009521085847	0.009521085847	0	nan	nan
26	cg20_AfterPush0004	122303	-0.0001359482733	0.03494281237	-0.006316524493	3.118100075e-05	0.001152235331	0.008848558143	0.0341180865	-0.006788219144	0.001027337393	0.009226427068	0.1990778127	19.91958431	8657046.653	288739318.5	nan	nan	nan	nan	nan	nan	|	cg20_prepPush0003	121630	cg20_AfterPush0004	122303	arc_length	200	0.02811881662	0.1191645783	10.75752746	2991568.714	90020833.75	16.77084309	0.02158458815	0.02158458815	0	nan	nan
26	cg20_AfterPush0004	122303	-0.0001359482733	0.03494281237	-0.006316524493	3.118100075e-05	0.001152235331	0.008848558143	0.0341180865	-0.006788219144	0.001027337393	0.009226427068	0.1990778127	19.91958431	8657046.653	288739318.5	nan	nan	nan	nan	nan	nan	|	cg20_prepPush0003	121630	cg20_AfterPush0004	122303	arc_length	200	0.02811881662	0.1191645783	10.75752746	2991568.714	90020833.75	16.95313486	0.03293683234	0.03293683234	0	nan	nan
26	cg20_AfterPush0004	122303	-0.0001359482733	0.03494281237	-0.006316524493	3.118100075e-05	0.001152235331	0.008848558143	0.0341180865	-0.006788219144	0.001027337393	0.009226427068	0.1990778127	19.91958431	8657046.653	288739318.5	nan	nan	nan	nan	nan	nan	|	cg20_prepPush0003	121630	cg20_AfterPush0004	122303	arc_length	200	0.02811881662	0.1191645783	10.75752746	2991568.714	90020833.75	17.13542663	0.02684147901	0.02684147901	0	nan	nan
26	cg20_AfterPush0004	122303	-0.0001359482733	0.03494281237	-0.006316524493	3.118100075e-05	0.001152235331	0.008848558143	0.0341180865	-0.006788219144	0.001027337393	0.009226427068	0.1990778127	19.91958431	8657046.653	288739318.5	nan	nan	nan	nan	nan	nan	|	cg20_prepPush0003	121630	cg20_AfterPush0004	122303	arc_length	200	0.02811881662	0.1191645783	10.75752746	2991568.714	90020833.75	17.31771841	0.02074612568	0.02074612568	0	nan	nan
26	cg20_AfterPush0004	122303	-0.0001359482733	0.03494281237	-0.006316524493	3.118100075e-05	0.001152235331	0.008848558143	0.0341180865	-0.006788219144	0.001027337393	0.009226427068	0.1990778127	19.91958431	8657046.653	288739318.5	nan	nan	nan	nan	nan	nan	|	cg20_prepPush0003	121630	cg20_AfterPush0004	122303	arc_length	200	0.02811881662	0.1191645783	10.75752746	2991568.714	90020833.75	17.50001018	0.01465077234	0.01465077234	0	nan	nan
26	cg20_AfterPush0004	122303	-0.0001359482733	0.03494281237	-0.006316524493	3.118100075e-05	0.001152235331	0.008848558143	0.0341180865	-0.006788219144	0.001027337393	0.009226427068	0.1990778127	19.91958431	8657046.653	288739318.5	nan	nan	nan	nan	nan	nan	|	cg20_prepPush0003	121630	cg20_AfterPush0004	122303	arc_length	200	0.02811881662	0.1191645783	10.75752746	2991568.714	90020833.75	17.68230195	0.00855541901	0.00855541901	0	nan	nan
26	cg20_AfterPush0004	122303	-0.0001359482733	0.03494281237	-0.006316524493	3.118100075e-05	0.001152235331	0.008848558143	0.0341180865	-0.006788219144	0.001027337393	0.009226427068	0.1990778127	19.91958431	8657046.653	288739318.5	nan	nan	nan	nan	nan	nan	|	cg20_prepPush0003	121630	cg20_AfterPush0004	122303	arc_length	200	0.02811881662	0.1191645783	10.75752746	2991568.714	90020833.75	17.86459373	0.002460065677	0.002460065677	0	nan	nan
26	cg20_AfterPush0004	122303	-0.0001359482733	0.03494281237	-0.006316524493	3.118100075e-05	0.001152235331	0.008848558143	0.0341180865	-0.006788219144	0.001027337393	0.009226427068	0.1990778127	19.91958431	8657046.653	288739318.5	nan	nan	nan	nan	nan	nan	|	cg20_prepPush0003	121630	cg20_AfterPush0004	122303	arc_length	200	0.02811881662	0.1191645783	10.75752746	2991568.714	90020833.75	18.0468855	-0.003635287656	0.003635287656	0	nan	nan
26	cg20_AfterPush0004	122303	-0.0001359482733	0.03494281237	-0.006316524493	3.118100075e-05	0.001152235331	0.008848558143	0.0341180865	-0.006788219144	0.001027337393	0.009226427068	0.1990778127	19.91958431	8657046.653	288739318.5	nan	nan	nan	nan	nan	nan	|	cg20_prepPush0003	121630	cg20_AfterPush0004	122303	arc_length	200	0.02811881662	0.1191645783	10.75752746	2991568.714	90020833.75	18.22917727	-0.009732794651	0.009732794651	0	nan	nan
26	cg20_AfterPush0004	122303	-0.0001359482733	0.03494281237	-0.006316524493	3.118100075e-05	0.001152235331	0.008848558143	0.0341180865	-0.006788219144	0.001027337393	0.009226427068	0.1990778127	19.91958431	8657046.653	288739318.5	nan	nan	nan	nan	nan	nan	|	cg20_prepPush0003	121630	cg20_AfterPush0004	122303	arc_length	200	0.02811881662	0.1191645783	10.75752746	2991568.714	90020833.75	18.41146904	-0.01821777328	0.01821777328	0	nan	nan
26	cg20_AfterPush0004	122303	-0.0001359482733	0.03494281237	-0.006316524493	3.118100075e-05	0.001152235331	0.008848558143	0.0341180865	-0.006788219144	0.001027337393	0.009226427068	0.1990778127	19.91958431	8657046.653	288739318.5	nan	nan	nan	nan	nan	nan	|	cg20_prepPush0003	121630	cg20_AfterPush0004	122303	arc_length	200	0.02811881662	0.1191645783	10.75752746	2991568.714	90020833.75	18.59376082	-0.02927300319	0.02927300319	0	nan	nan
26	cg20_AfterPush0004	122303	-0.0001359482733	0.03494281237	-0.006316524493	3.118100075e-05	0.001152235331	0.008848558143	0.0341180865	-0.006788219144	0.001027337393	0.009226427068	0.1990778127	19.91958431	8657046.653	288739318.5	nan	nan	nan	nan	nan	nan	|	cg20_prepPush0003	121630	cg20_AfterPush0004	122303	arc_length	200	0.02811881662	0.1191645783	10.75752746	2991568.714	90020833.75	18.77605259	-0.04044374313	0.04044374313	0	nan	nan
26	cg20_AfterPush0004	122303	-0.0001359482733	0.03494281237	-0.006316524493	3.118100075e-05	0.001152235331	0.008848558143	0.0341180865	-0.006788219144	0.001027337393	0.009226427068	0.1990778127	19.91958431	8657046.653	288739318.5	nan	nan	nan	nan	nan	nan	|	cg20_prepPush0003	121630	cg20_AfterPush0004	122303	arc_length	200	0.02811881662	0.1191645783	10.75752746	2991568.714	90020833.75	18.95834436	-0.03407498586	0.03407498586	0	nan	nan
26	cg20_AfterPush0004	122303	-0.0001359482733	0.03494281237	-0.006316524493	3.118100075e-05	0.001152235331	0.008848558143	0.0341180865	-0.006788219144	0.001027337393	0.009226427068	0.1990778127	19.91958431	8657046.653	288739318.5	nan	nan	nan	nan	nan	nan	|	cg20_prepPush0003	121630	cg20_AfterPush0004	122303	arc_length	200	0.02811881662	0.1191645783	10.75752746	2991568.714	90020833.75	19.14063613	-0.04016911107	0.04016911107	0	nan	nan
26	cg20_AfterPush0004	122303	-0.0001359482733	0.03494281237	-0.006316524493	3.118100075e-05	0.001152235331	0.008848558143	0.0341180865	-0.006788219144	0.001027337393	0.009226427068	0.1990778127	19.91958431	8657046.653	288739318.5	nan	nan	nan	nan	nan	nan	|	cg20_prepPush0003	121630	cg20_AfterPush0004	122303	arc_length	200	0.02811881662	0.1191645783	10.75752746	2991568.714	90020833.75	19.32292791	-0.0462644644	0.0462644644	0	nan	nan
26	cg20_AfterPush0004	122303	-0.0001359482733	0.03494281237	-0.006316524493	3.118100075e-05	0.001152235331	0.008848558143	0.0341180865	-0.006788219144	0.001027337393	0.009226427068	0.1990778127	19.91958431	8657046.653	288739318.5	nan	nan	nan	nan	nan	nan	|	cg20_prepPush0003	121630	cg20_AfterPush0004	122303	arc_length	200	0.02811881662	0.1191645783	10.75752746	2991568.714	90020833.75	19.50521968	-0.05235981774	0.05235981774	0	nan	nan
26	cg20_AfterPush0004	122303	-0.0001359482733	0.03494281237	-0.006316524493	3.118100075e-05	0.001152235331	0.008848558143	0.0341180865	-0.006788219144	0.001027337393	0.009226427068	0.1990778127	19.91958431	8657046.653	288739318.5	nan	nan	nan	nan	nan	nan	|	cg20_prepPush0003	121630	cg20_AfterPush0004	122303	arc_length	200	0.02811881662	0.1191645783	10.75752746	2991568.714	90020833.75	19.68751145	-0.04388260403	0.04388260403	0	nan	nan
26	cg20_AfterPush0004	122303	-0.0001359482733	0.03494281237	-0.006316524493	3.118100075e-05	0.001152235331	0.008848558143	0.0341180865	-0.006788219144	0.001027337393	0.009226427068	0.1990778127	19.91958431	8657046.653	288739318.5	nan	nan	nan	nan	nan	nan	|	cg20_prepPush0003	121630	cg20_AfterPush0004	122303	arc_length	200	0.02811881662	0.1191645783	10.75752746	2991568.714	90020833.75	19.86980323	-0.0334582321	0.0334582321	0	nan	nan
26	cg20_AfterPush0004	122303	-0.0001359482733	0.03494281237	-0.006316524493	3.118100075e-05	0.001152235331	0.008848558143	0.0341180865	-0.006788219144	0.001027337393	0.009226427068	0.1990778127	19.91958431	8657046.653	288739318.5	nan	nan	nan	nan	nan	nan	|	cg20_prepPush0003	121630	cg20_AfterPush0004	122303	arc_length	200	0.02811881662	0.1191645783	10.75752746	2991568.714	90020833.75	20.052095	-0.0245298281	0.0245298281	0	nan	nan
26	cg20_AfterPush0004	122303	-0.0001359482733	0.03494281237	-0.006316524493	3.118100075e-05	0.001152235331	0.008848558143	0.0341180865	-0.006788219144	0.001027337393	0.009226427068	0.1990778127	19.91958431	8657046.653	288739318.5	nan	nan	nan	nan	nan	nan	|	cg20_prepPush0003	121630	cg20_AfterPush0004	122303	arc_length	200	0.02811881662	0.1191645783	10.75752746	2991568.714	90020833.75	20.23438677	-0.02307203024	0.02307203024	0	nan	nan
26	cg20_AfterPush0004	122303	-0.0001359482733	0.03494281237	-0.006316524493	3.118100075e-05	0.001152235331	0.008848558143	0.0341180865	-0.006788219144	0.001027337393	0.009226427068	0.1990778127	19.91958431	8657046.653	288739318.5	nan	nan	nan	nan	nan	nan	|	cg20_prepPush0003	121630	cg20_AfterPush0004	122303	arc_length	200	0.02811881662	0.1191645783	10.75752746	2991568.714	90020833.75	20.41667854	-0.01091866895	0.01091866895	0	nan	nan
26	cg20_AfterPush0004	122303	-0.0001359482733	0.03494281237	-0.006316524493	3.118100075e-05	0.001152235331	0.008848558143	0.0341180865	-0.006788219144	0.001027337393	0.009226427068	0.1990778127	19.91958431	8657046.653	288739318.5	nan	nan	nan	nan	nan	nan	|	cg20_prepPush0003	121630	cg20_AfterPush0004	122303	arc_length	200	0.02811881662	0.1191645783	10.75752746	2991568.714	90020833.75	20.59897032	0.001030989232	0.001030989232	0	nan	nan
26	cg20_AfterPush0004	122303	-0.0001359482733	0.03494281237	-0.006316524493	3.118100075e-05	0.001152235331	0.008848558143	0.0341180865	-0.006788219144	0.001027337393	0.009226427068	0.1990778127	19.91958431	8657046.653	288739318.5	nan	nan	nan	nan	nan	nan	|	cg20_prepPush0003	121630	cg20_AfterPush0004	122303	arc_length	200	0.02811881662	0.1191645783	10.75752746	2991568.714	90020833.75	20.78126209	-0.002865781199	0.002865781199	0	nan	nan
26	cg20_AfterPush0004	122303	-0.0001359482733	0.03494281237	-0.006316524493	3.118100075e-05	0.001152235331	0.008848558143	0.0341180865	-0.006788219144	0.001027337393	0.009226427068	0.1990778127	19.91958431	8657046.653	288739318.5	nan	nan	nan	nan	nan	nan	|	cg20_prepPush0003	121630	cg20_AfterPush0004	122303	arc_length	200	0.02811881662	0.1191645783	10.75752746	2991568.714	90020833.75	20.96355386	-0.008978548409	0.008978548409	0	nan	nan
26	cg20_AfterPush0004	122303	-0.0001359482733	0.03494281237	-0.006316524493	3.118100075e-05	0.001152235331	0.008848558143	0.0341180865	-0.006788219144	0.001027337393	0.009226427068	0.1990778127	19.91958431	8657046.653	288739318.5	nan	nan	nan	nan	nan	nan	|	cg20_prepPush0003	121630	cg20_AfterPush0004	122303	arc_length	200	0.02811881662	0.1191645783	10.75752746	2991568.714	90020833.75	21.14584563	-0.01507390174	0.01507390174	0	nan	nan
26	cg20_AfterPush0004	122303	-0.0001359482733	0.03494281237	-0.006316524493	3.118100075e-05	0.001152235331	0.008848558143	0.0341180865	-0.006788219144	0.001027337393	0.009226427068	0.1990778127	19.91958431	8657046.653	288739318.5	nan	nan	nan	nan	nan	nan	|	cg20_prepPush0003	121630	cg20_AfterPush0004	122303	arc_length	200	0.02811881662	0.1191645783	10.75752746	2991568.714	90020833.75	21.32813741	-0.02116925508	0.02116925508	0	nan	nan
26	cg20_AfterPush0004	122303	-0.0001359482733	0.03494281237	-0.006316524493	3.118100075e-05	0.001152235331	0.008848558143	0.0341180865	-0.006788219144	0.001027337393	0.009226427068	0.1990778127	19.91958431	8657046.653	288739318.5	nan	nan	nan	nan	nan	nan	|	cg20_prepPush0003	121630	cg20_AfterPush0004	122303	arc_length	200	0.02811881662	0.1191645783	10.75752746	2991568.714	90020833.75	21.51042918	-0.0225294347	0.0225294347	0	nan	nan
26	cg20_AfterPush0004	122303	-0.0001359482733	0.03494281237	-0.006316524493	3.118100075e-05	0.001152235331	0.008848558143	0.0341180865	-0.006788219144	0.001027337393	0.009226427068	0.1990778127	19.91958431	8657046.653	288739318.5	nan	nan	nan	nan	nan	nan	|	cg20_prepPush0003	121630	cg20_AfterPush0004	122303	arc_length	200	0.02811881662	0.1191645783	10.75752746	2991568.714	90020833.75	21.69272095	-0.01046632348	0.01046632348	0	nan	nan
26	cg20_AfterPush0004	122303	-0.0001359482733	0.03494281237	-0.006316524493	3.118100075e-05	0.001152235331	0.008848558143	0.0341180865	-0.006788219144	0.001027337393	0.009226427068	0.1990778127	19.91958431	8657046.653	288739318.5	nan	nan	nan	nan	nan	nan	|	cg20_prepPush0003	121630	cg20_AfterPush0004	122303	arc_length	200	0.02811881662	0.1191645783	10.75752746	2991568.714	90020833.75	21.87501273	0.001596787744	0.001596787744	0	nan	nan
26	cg20_AfterPush0004	122303	-0.0001359482733	0.03494281237	-0.006316524493	3.118100075e-05	0.001152235331	0.008848558143	0.0341180865	-0.006788219144	0.001027337393	0.009226427068	0.1990778127	19.91958431	8657046.653	288739318.5	nan	nan	nan	nan	nan	nan	|	cg20_prepPush0003	121630	cg20_AfterPush0004	122303	arc_length	200	0.02811881662	0.1191645783	10.75752746	2991568.714	90020833.75	22.0573045	0.0005493765229	0.0005493765229	0	nan	nan
26	cg20_AfterPush0004	122303	-0.0001359482733	0.03494281237	-0.006316524493	3.118100075e-05	0.001152235331	0.008848558143	0.0341180865	-0.006788219144	0.001027337393	0.009226427068	0.1990778127	19.91958431	8657046.653	288739318.5	nan	nan	nan	nan	nan	nan	|	cg20_prepPush0003	121630	cg20_AfterPush0004	122303	arc_length	200	0.02811881662	0.1191645783	10.75752746	2991568.714	90020833.75	22.23959627	-0.00554597681	0.00554597681	0	nan	nan
26	cg20_AfterPush0004	122303	-0.0001359482733	0.03494281237	-0.006316524493	3.118100075e-05	0.001152235331	0.008848558143	0.0341180865	-0.006788219144	0.001027337393	0.009226427068	0.1990778127	19.91958431	8657046.653	288739318.5	nan	nan	nan	nan	nan	nan	|	cg20_prepPush0003	121630	cg20_AfterPush0004	122303	arc_length	200	0.02811881662	0.1191645783	10.75752746	2991568.714	90020833.75	22.42188804	-0.01164133014	0.01164133014	0	nan	nan
26	cg20_AfterPush0004	122303	-0.0001359482733	0.03494281237	-0.006316524493	3.118100075e-05	0.001152235331	0.008848558143	0.0341180865	-0.006788219144	0.001027337393	0.009226427068	0.1990778127	19.91958431	8657046.653	288739318.5	nan	nan	nan	nan	nan	nan	|	cg20_prepPush0003	121630	cg20_AfterPush0004	122303	arc_length	200	0.02811881662	0.1191645783	10.75752746	2991568.714	90020833.75	22.60417982	-0.01773668348	0.01773668348	0	nan	nan
26	cg20_AfterPush0004	122303	-0.0001359482733	0.03494281237	-0.006316524493	3.118100075e-05	0.001152235331	0.008848558143	0.0341180865	-0.006788219144	0.001027337393	0.009226427068	0.1990778127	19.91958431	8657046.653	288739318.5	nan	nan	nan	nan	nan	nan	|	cg20_prepPush0003	121630	cg20_AfterPush0004	122303	arc_length	200	0.02811881662	0.1191645783	10.75752746	2991568.714	90020833.75	22.78647159	-0.02383203681	0.02383203681	0	nan	nan
26	cg20_AfterPush0004	122303	-0.0001359482733	0.03494281237	-0.006316524493	3.118100075e-05	0.001152235331	0.008848558143	0.0341180865	-0.006788219144	0.001027337393	0.009226427068	0.1990778127	19.91958431	8657046.653	288739318.5	nan	nan	nan	nan	nan	nan	|	cg20_prepPush0003	121630	cg20_AfterPush0004	122303	arc_length	200	0.02811881662	0.1191645783	10.75752746	2991568.714	90020833.75	22.96876336	-0.0164289636	0.0164289636	0	nan	nan
26	cg20_AfterPush0004	122303	-0.0001359482733	0.03494281237	-0.006316524493	3.118100075e-05	0.001152235331	0.008848558143	0.0341180865	-0.006788219144	0.001027337393	0.009226427068	0.1990778127	19.91958431	8657046.653	288739318.5	nan	nan	nan	nan	nan	nan	|	cg20_prepPush0003	121630	cg20_AfterPush0004	122303	arc_length	200	0.02811881662	0.1191645783	10.75752746	2991568.714	90020833.75	23.15105513	-0.002367534287	0.002367534287	0	nan	nan
26	cg20_AfterPush0004	122303	-0.0001359482733	0.03494281237	-0.006316524493	3.118100075e-05	0.001152235331	0.008848558143	0.0341180865	-0.006788219144	0.001027337393	0.009226427068	0.1990778127	19.91958431	8657046.653	288739318.5	nan	nan	nan	nan	nan	nan	|	cg20_prepPush0003	121630	cg20_AfterPush0004	122303	arc_length	200	0.02811881662	0.1191645783	10.75752746	2991568.714	90020833.75	23.33334691	0.003991434223	0.003991434223	0	nan	nan
26	cg20_AfterPush0004	122303	-0.0001359482733	0.03494281237	-0.006316524493	3.118100075e-05	0.001152235331	0.008848558143	0.0341180865	-0.006788219144	0.001027337393	0.009226427068	0.1990778127	19.91958431	8657046.653	288739318.5	nan	nan	nan	nan	nan	nan	|	cg20_prepPush0003	121630	cg20_AfterPush0004	122303	arc_length	200	0.02811881662	0.1191645783	10.75752746	2991568.714	90020833.75	23.51563868	-0.00210391911	0.00210391911	0	nan	nan
26	cg20_AfterPush0004	122303	-0.0001359482733	0.03494281237	-0.006316524493	3.118100075e-05	0.001152235331	0.008848558143	0.0341180865	-0.006788219144	0.001027337393	0.009226427068	0.1990778127	19.91958431	8657046.653	288739318.5	nan	nan	nan	nan	nan	nan	|	cg20_prepPush0003	121630	cg20_AfterPush0004	122303	arc_length	200	0.02811881662	0.1191645783	10.75752746	2991568.714	90020833.75	23.69793045	-0.008199272443	0.008199272443	0	nan	nan
26	cg20_AfterPush0004	122303	-0.0001359482733	0.03494281237	-0.006316524493	3.118100075e-05	0.001152235331	0.008848558143	0.0341180865	-0.006788219144	0.001027337393	0.009226427068	0.1990778127	19.91958431	8657046.653	288739318.5	nan	nan	nan	nan	nan	nan	|	cg20_prepPush0003	121630	cg20_AfterPush0004	122303	arc_length	200	0.02811881662	0.1191645783	10.75752746	2991568.714	90020833.75	23.88022223	-0.0001543241438	0.0001543241438	0	nan	nan
26	cg20_AfterPush0004	122303	-0.0001359482733	0.03494281237	-0.006316524493	3.118100075e-05	0.001152235331	0.008848558143	0.0341180865	-0.006788219144	0.001027337393	0.009226427068	0.1990778127	19.91958431	8657046.653	288739318.5	nan	nan	nan	nan	nan	nan	|	cg20_prepPush0003	121630	cg20_AfterPush0004	122303	arc_length	200	0.02811881662	0.1191645783	10.75752746	2991568.714	90020833.75	24.062514	0.01027008018	0.01027008018	0	nan	nan
26	cg20_AfterPush0004	122303	-0.0001359482733	0.03494281237	-0.006316524493	3.118100075e-05	0.001152235331	0.008848558143	0.0341180865	-0.006788219144	0.001027337393	0.009226427068	0.1990778127	19.91958431	8657046.653	288739318.5	nan	nan	nan	nan	nan	nan	|	cg20_prepPush0003	121630	cg20_AfterPush0004	122303	arc_length	200	0.02811881662	0.1191645783	10.75752746	2991568.714	90020833.75	24.24480577	0.02060453443	0.02060453443	0	nan	nan
26	cg20_AfterPush0004	122303	-0.0001359482733	0.03494281237	-0.006316524493	3.118100075e-05	0.001152235331	0.008848558143	0.0341180865	-0.006788219144	0.001027337393	0.009226427068	0.1990778127	19.91958431	8657046.653	288739318.5	nan	nan	nan	nan	nan	nan	|	cg20_prepPush0003	121630	cg20_AfterPush0004	122303	arc_length	200	0.02811881662	0.1191645783	10.75752746	2991568.714	90020833.75	24.42709754	0.02966030571	0.02966030571	0	nan	nan
26	cg20_AfterPush0004	122303	-0.0001359482733	0.03494281237	-0.006316524493	3.118100075e-05	0.001152235331	0.008848558143	0.0341180865	-0.006788219144	0.001027337393	0.009226427068	0.1990778127	19.91958431	8657046.653	288739318.5	nan	nan	nan	nan	nan	nan	|	cg20_prepPush0003	121630	cg20_AfterPush0004	122303	arc_length	200	0.02811881662	0.1191645783	10.75752746	2991568.714	90020833.75	24.60938932	0.03871607699	0.03871607699	0	nan	nan
26	cg20_AfterPush0004	122303	-0.0001359482733	0.03494281237	-0.006316524493	3.118100075e-05	0.001152235331	0.008848558143	0.0341180865	-0.006788219144	0.001027337393	0.009226427068	0.1990778127	19.91958431	8657046.653	288739318.5	nan	nan	nan	nan	nan	nan	|	cg20_prepPush0003	121630	cg20_AfterPush0004	122303	arc_length	200	0.02811881662	0.1191645783	10.75752746	2991568.714	90020833.75	24.79168109	0.04701874926	0.04701874926	0	nan	nan
26	cg20_AfterPush0004	122303	-0.0001359482733	0.03494281237	-0.006316524493	3.118100075e-05	0.001152235331	0.008848558143	0.0341180865	-0.006788219144	0.001027337393	0.009226427068	0.1990778127	19.91958431	8657046.653	288739318.5	nan	nan	nan	nan	nan	nan	|	cg20_prepPush0003	121630	cg20_AfterPush0004	122303	arc_length	200	0.02811881662	0.1191645783	10.75752746	2991568.714	90020833.75	24.97397286	0.02445373538	0.02445373538	0	nan	nan
26	cg20_AfterPush0004	122303	-0.0001359482733	0.03494281237	-0.006316524493	3.118100075e-05	0.001152235331	0.008848558143	0.0341180865	-0.006788219144	0.001027337393	0.009226427068	0.1990778127	19.91958431	8657046.653	288739318.5	nan	nan	nan	nan	nan	nan	|	cg20_prepPush0003	121630	cg20_AfterPush0004	122303	arc_length	200	0.02811881662	0.1191645783	10.75752746	2991568.714	90020833.75	25.15626463	0.001888721499	0.001888721499	0	nan	nan
26	cg20_AfterPush0004	122303	-0.0001359482733	0.03494281237	-0.006316524493	3.118100075e-05	0.001152235331	0.008848558143	0.0341180865	-0.006788219144	0.001027337393	0.009226427068	0.1990778127	19.91958431	8657046.653	288739318.5	nan	nan	nan	nan	nan	nan	|	cg20_prepPush0003	121630	cg20_AfterPush0004	122303	arc_length	200	0.02811881662	0.1191645783	10.75752746	2991568.714	90020833.75	25.33855641	-0.01682946285	0.01682946285	0	nan	nan
26	cg20_AfterPush0004	122303	-0.0001359482733	0.03494281237	-0.006316524493	3.118100075e-05	0.001152235331	0.008848558143	0.0341180865	-0.006788219144	0.001027337393	0.009226427068	0.1990778127	19.91958431	8657046.653	288739318.5	nan	nan	nan	nan	nan	nan	|	cg20_prepPush0003	121630	cg20_AfterPush0004	122303	arc_length	200	0.02811881662	0.1191645783	10.75752746	2991568.714	90020833.75	25.52084818	-0.02292481618	0.02292481618	0	nan	nan
26	cg20_AfterPush0004	122303	-0.0001359482733	0.03494281237	-0.006316524493	3.118100075e-05	0.001152235331	0.008848558143	0.0341180865	-0.006788219144	0.001027337393	0.009226427068	0.1990778127	19.91958431	8657046.653	288739318.5	nan	nan	nan	nan	nan	nan	|	cg20_prepPush0003	121630	cg20_AfterPush0004	122303	arc_length	200	0.02811881662	0.1191645783	10.75752746	2991568.714	90020833.75	25.70313995	-0.02902016952	0.02902016952	0	nan	nan
26	cg20_AfterPush0004	122303	-0.0001359482733	0.03494281237	-0.006316524493	3.118100075e-05	0.001152235331	0.008848558143	0.0341180865	-0.006788219144	0.001027337393	0.009226427068	0.1990778127	19.91958431	8657046.653	288739318.5	nan	nan	nan	nan	nan	nan	|	cg20_prepPush0003	121630	cg20_AfterPush0004	122303	arc_length	200	0.02811881662	0.1191645783	10.75752746	2991568.714	90020833.75	25.88543172	-0.03511552285	0.03511552285	0	nan	nan
26	cg20_AfterPush0004	122303	-0.0001359482733	0.03494281237	-0.006316524493	3.118100075e-05	0.001152235331	0.008848558143	0.0341180865	-0.006788219144	0.001027337393	0.009226427068	0.1990778127	19.91958431	8657046.653	288739318.5	nan	nan	nan	nan	nan	nan	|	cg20_prepPush0003	121630	cg20_AfterPush0004	122303	arc_length	200	0.02811881662	0.1191645783	10.75752746	2991568.714	90020833.75	26.0677235	-0.04121087618	0.04121087618	0	nan	nan
26	cg20_AfterPush0004	122303	-0.0001359482733	0.03494281237	-0.006316524493	3.118100075e-05	0.001152235331	0.008848558143	0.0341180865	-0.006788219144	0.001027337393	0.009226427068	0.1990778127	19.91958431	8657046.653	288739318.5	nan	nan	nan	nan	nan	nan	|	cg20_prepPush0003	121630	cg20_AfterPush0004	122303	arc_length	200	0.02811881662	0.1191645783	10.75752746	2991568.714	90020833.75	26.25001527	-0.04730622952	0.04730622952	5.798437697e-07	nan	nan
26	cg20_AfterPush0004	122303	-0.0001359482733	0.03494281237	-0.006316524493	3.118100075e-05	0.001152235331	0.008848558143	0.0341180865	-0.006788219144	0.001027337393	0.009226427068	0.1990778127	19.91958431	8657046.653	288739318.5	nan	nan	nan	nan	nan	nan	|	cg20_prepPush0003	121630	cg20_AfterPush0004	122303	arc_length	200	0.02811881662	0.1191645783	10.75752746	2991568.714	90020833.75	26.43230704	-0.05340158285	0.05340158285	4.638750158e-06	nan	nan
26	cg20_AfterPush0004	122303	-0.0001359482733	0.03494281237	-0.006316524493	3.118100075e-05	0.001152235331	0.008848558143	0.0341180865	-0.006788219144	0.001027337393	0.009226427068	0.1990778127	19.91958431	8657046.653	288739318.5	nan	nan	nan	nan	nan	nan	|	cg20_prepPush0003	121630	cg20_AfterPush0004	122303	arc_length	200	0.02811881662	0.1191645783	10.75752746	2991568.714	90020833.75	26.61459882	-0.05949693618	0.05949693618	1.565578178e-05	nan	nan
26	cg20_AfterPush0004	122303	-0.0001359482733	0.03494281237	-0.006316524493	3.118100075e-05	0.001152235331	0.008848558143	0.0341180865	-0.006788219144	0.001027337393	0.009226427068	0.1990778127	19.91958431	8657046.653	288739318.5	nan	nan	nan	nan	nan	nan	|	cg20_prepPush0003	121630	cg20_AfterPush0004	122303	arc_length	200	0.02811881662	0.1191645783	10.75752746	2991568.714	90020833.75	26.79689059	-0.06559228951	0.06559228951	3.711000126e-05	nan	nan
26	cg20_AfterPush0004	122303	-0.0001359482733	0.03494281237	-0.006316524493	3.118100075e-05	0.001152235331	0.008848558143	0.0341180865	-0.006788219144	0.001027337393	0.009226427068	0.1990778127	19.91958431	8657046.653	288739318.5	nan	nan	nan	nan	nan	nan	|	cg20_prepPush0003	121630	cg20_AfterPush0004	122303	arc_length	200	0.02811881662	0.1191645783	10.75752746	2991568.714	90020833.75	26.97918236	-0.05991439378	0.05991439378	7.248047121e-05	nan	nan
26	cg20_AfterPush0004	122303	-0.0001359482733	0.03494281237	-0.006316524493	3.118100075e-05	0.001152235331	0.008848558143	0.0341180865	-0.006788219144	0.001027337393	0.009226427068	0.1990778127	19.91958431	8657046.653	288739318.5	nan	nan	nan	nan	nan	nan	|	cg20_prepPush0003	121630	cg20_AfterPush0004	122303	arc_length	200	0.02811881662	0.1191645783	10.75752746	2991568.714	90020833.75	27.16147413	-0.03597493538	0.03597493538	0.0001252462543	nan	nan
26	cg20_AfterPush0004	122303	-0.0001359482733	0.03494281237	-0.006316524493	3.118100075e-05	0.001152235331	0.008848558143	0.0341180865	-0.006788219144	0.001027337393	0.009226427068	0.1990778127	19.91958431	8657046.653	288739318.5	nan	nan	nan	nan	nan	nan	|	cg20_prepPush0003	121630	cg20_AfterPush0004	122303	arc_length	200	0.02811881662	0.1191645783	10.75752746	2991568.714	90020833.75	27.34376591	-0.01203547698	0.01203547698	0.000198886413	nan	nan
26	cg20_AfterPush0004	122303	-0.0001359482733	0.03494281237	-0.006316524493	3.118100075e-05	0.001152235331	0.008848558143	0.0341180865	-0.006788219144	0.001027337393	0.009226427068	0.1990778127	19.91958431	8657046.653	288739318.5	nan	nan	nan	nan	nan	nan	|	cg20_prepPush0003	121630	cg20_AfterPush0004	122303	arc_length	200	0.02811881662	0.1191645783	10.75752746	2991568.714	90020833.75	27.52605768	0.002329670529	0.002329670529	0.0002968800101	nan	nan
26	cg20_AfterPush0004	122303	-0.0001359482733	0.03494281237	-0.006316524493	3.118100075e-05	0.001152235331	0.008848558143	0.0341180865	-0.006788219144	0.001027337393	0.009226427068	0.1990778127	19.91958431	8657046.653	288739318.5	nan	nan	nan	nan	nan	nan	|	cg20_prepPush0003	121630	cg20_AfterPush0004	122303	arc_length	200	0.02811881662	0.1191645783	10.75752746	2991568.714	90020833.75	27.70834945	-0.003765682804	0.003765682804	0.0004227061081	nan	nan
26	cg20_AfterPush0004	122303	-0.0001359482733	0.03494281237	-0.006316524493	3.118100075e-05	0.001152235331	0.008848558143	0.0341180865	-0.006788219144	0.001027337393	0.009226427068	0.1990778127	19.91958431	8657046.653	288739318.5	nan	nan	nan	nan	nan	nan	|	cg20_prepPush0003	121630	cg20_AfterPush0004	122303	arc_length	200	0.02811881662	0.1191645783	10.75752746	2991568.714	90020833.75	27.89064122	-0.009861036136	0.009861036136	0.0005798437697	nan	nan
26	cg20_AfterPush0004	122303	-0.0001359482733	0.03494281237	-0.006316524493	3.118100075e-05	0.001152235331	0.008848558143	0.0341180865	-0.006788219144	0.001027337393	0.009226427068	0.1990778127	19.91958431	8657046.653	288739318.5	nan	nan	nan	nan	nan	nan	|	cg20_prepPush0003	121630	cg20_AfterPush0004	122303	arc_length	200	0.02811881662	0.1191645783	10.75752746	2991568.714	90020833.75	28.072933	-0.01595638947	0.01595638947	0.0007717720575	nan	nan
26	cg20_AfterPush0004	122303	-0.0001359482733	0.03494281237	-0.006316524493	3.118100075e-05	0.001152235331	0.008848558143	0.0341180865	-0.006788219144	0.001027337393	0.009226427068	0.1990778127	19.91958431	8657046.653	288739318.5	nan	nan	nan	nan	nan	nan	|	cg20_prepPush0003	121630	cg20_AfterPush0004	122303	arc_length	200	0.02811881662	0.1191645783	10.75752746	2991568.714	90020833.75	28.25522477	-0.0220517428	0.0220517428	0.001001970034	nan	nan
26	cg20_AfterPush0004	122303	-0.0001359482733	0.03494281237	-0.006316524493	3.118100075e-05	0.001152235331	0.008848558143	0.0341180865	-0.006788219144	0.001027337393	0.009226427068	0.1990778127	19.91958431	8657046.653	288739318.5	nan	nan	nan	nan	nan	nan	|	cg20_prepPush0003	121630	cg20_AfterPush0004	122303	arc_length	200	0.02811881662	0.1191645783	10.75752746	2991568.714	90020833.75	28.43751654	-0.02814709614	0.02814709614	0.001273916762	nan	nan
26	cg20_AfterPush0004	122303	-0.0001359482733	0.03494281237	-0.006316524493	3.118100075e-05	0.001152235331	0.008848558143	0.0341180865	-0.006788219144	0.001027337393	0.009226427068	0.1990778127	19.91958431	8657046.653	288739318.5	nan	nan	nan	nan	nan	nan	|	cg20_prepPush0003	121630	cg20_AfterPush0004	122303	arc_length	200	0.02811881662	0.1191645783	10.75752746	2991568.714	90020833.75	28.61980832	-0.03424244947	0.03424244947	0.001591091304	nan	nan
26	cg20_AfterPush0004	122303	-0.0001359482733	0.03494281237	-0.006316524493	3.118100075e-05	0.001152235331	0.008848558143	0.0341180865	-0.006788219144	0.001027337393	0.009226427068	0.1990778127	19.91958431	8657046.653	288739318.5	nan	nan	nan	nan	nan	nan	|	cg20_prepPush0003	121630	cg20_AfterPush0004	122303	arc_length	200	0.02811881662	0.1191645783	10.75752746	2991568.714	90020833.75	28.80210009	-0.0403378028	0.0403378028	0.001956972723	nan	nan
26	cg20_AfterPush0004	122303	-0.0001359482733	0.03494281237	-0.006316524493	3.118100075e-05	0.001152235331	0.008848558143	0.0341180865	-0.006788219144	0.001027337393	0.009226427068	0.1990778127	19.91958431	8657046.653	288739318.5	nan	nan	nan	nan	nan	nan	|	cg20_prepPush0003	121630	cg20_AfterPush0004	122303	arc_length	200	0.02811881662	0.1191645783	10.75752746	2991568.714	90020833.75	28.98439186	-0.04643315613	0.04643315613	0.002375040081	nan	nan
26	cg20_AfterPush0004	122303	-0.0001359482733	0.03494281237	-0.006316524493	3.118100075e-05	0.001152235331	0.008848558143	0.0341180865	-0.006788219144	0.001027337393	0.009226427068	0.1990778127	19.91958431	8657046.653	288739318.5	nan	nan	nan	nan	nan	nan	|	cg20_prepPush0003	121630	cg20_AfterPush0004	122303	arc_length	200	0.02811881662	0.1191645783	10.75752746	2991568.714	90020833.75	29.16668363	-0.04698930415	0.04698930415	0.002848772441	nan	nan
26	cg20_AfterPush0004	122303	-0.0001359482733	0.03494281237	-0.006316524493	3.118100075e-05	0.001152235331	0.008848558143	0.0341180865	-0.006788219144	0.001027337393	0.009226427068	0.1990778127	19.91958431	8657046.653	288739318.5	nan	nan	nan	nan	nan	nan	|	cg20_prepPush0003	121630	cg20_AfterPush0004	122303	arc_length	200	0.02811881662	0.1191645783	10.75752746	2991568.714	90020833.75	29.34897541	-0.04549469734	0.04549469734	0.003381648865	nan	nan
26	cg20_AfterPush0004	122303	-0.0001359482733	0.03494281237	-0.006316524493	3.118100075e-05	0.001152235331	0.008848558143	0.0341180865	-0.006788219144	0.001027337393	0.009226427068	0.1990778127	19.91958431	8657046.653	288739318.5	nan	nan	nan	nan	nan	nan	|	cg20_prepPush0003	121630	cg20_AfterPush0004	122303	arc_length	200	0.02811881662	0.1191645783	10.75752746	2991568.714	90020833.75	29.53126718	-0.04400009053	0.04400009053	0.003977148416	nan	nan
26	cg20_AfterPush0004	122303	-0.0001359482733	0.03494281237	-0.006316524493	3.118100075e-05	0.001152235331	0.008848558143	0.0341180865	-0.006788219144	0.001027337393	0.009226427068	0.1990778127	19.91958431	8657046.653	288739318.5	nan	nan	nan	nan	nan	nan	|	cg20_prepPush0003	121630	cg20_AfterPush0004	122303	arc_length	200	0.02811881662	0.1191645783	10.75752746	2991568.714	90020833.75	29.71355895	-0.04250548372	0.04250548372	0.004638750158	nan	nan
26	cg20_AfterPush0004	122303	-0.0001359482733	0.03494281237	-0.006316524493	3.118100075e-05	0.001152235331	0.008848558143	0.0341180865	-0.006788219144	0.001027337393	0.009226427068	0.1990778127	19.91958431	8657046.653	288739318.5	nan	nan	nan	nan	nan	nan	|	cg20_prepPush0003	121630	cg20_AfterPush0004	122303	arc_length	200	0.02811881662	0.1191645783	10.75752746	2991568.714	90020833.75	29.89585072	-0.04101087691	0.04101087691	0.005369933151	nan	nan
26	cg20_AfterPush0004	122303	-0.0001359482733	0.03494281237	-0.006316524493	3.118100075e-05	0.001152235331	0.008848558143	0.0341180865	-0.006788219144	0.001027337393	0.009226427068	0.1990778127	19.91958431	8657046.653	288739318.5	nan	nan	nan	nan	nan	nan	|	cg20_prepPush0003	121630	cg20_AfterPush0004	122303	arc_length	200	0.02811881662	0.1191645783	10.75752746	2991568.714	90020833.75	30.0781425	-0.0395162701	0.0395162701	0.00617417646	nan	nan
26	cg20_AfterPush0004	122303	-0.0001359482733	0.03494281237	-0.006316524493	3.118100075e-05	0.001152235331	0.008848558143	0.0341180865	-0.006788219144	0.001027337393	0.009226427068	0.1990778127	19.91958431	8657046.653	288739318.5	nan	nan	nan	nan	nan	nan	|	cg20_prepPush0003	121630	cg20_AfterPush0004	122303	arc_length	200	0.02811881662	0.1191645783	10.75752746	2991568.714	90020833.75	30.26043427	-0.02970557612	0.02970557612	0.007054959146	nan	nan
26	cg20_AfterPush0004	122303	-0.0001359482733	0.03494281237	-0.006316524493	3.118100075e-05	0.001152235331	0.008848558143	0.0341180865	-0.006788219144	0.001027337393	0.009226427068	0.1990778127	19.91958431	8657046.653	288739318.5	nan	nan	nan	nan	nan	nan	|	cg20_prepPush0003	121630	cg20_AfterPush0004	122303	arc_length	200	0.02811881662	0.1191645783	10.75752746	2991568.714	90020833.75	30.44272604	-0.01564414681	0.01564414681	0.008015760272	nan	nan
26	cg20_AfterPush0004	122303	-0.0001359482733	0.03494281237	-0.006316524493	3.118100075e-05	0.001152235331	0.008848558143	0.0341180865	-0.006788219144	0.001027337393	0.009226427068	0.1990778127	19.91958431	8657046.653	288739318.5	nan	nan	nan	nan	nan	nan	|	cg20_prepPush0003	121630	cg20_AfterPush0004	122303	arc_length	200	0.02811881662	0.1191645783	10.75752746	2991568.714	90020833.75	30.62501782	-0.009125490441	0.009125490441	0.009060058902	nan	nan
26	cg20_AfterPush0004	122303	-0.0001359482733	0.03494281237	-0.006316524493	3.118100075e-05	0.001152235331	0.008848558143	0.0341180865	-0.006788219144	0.001027337393	0.009226427068	0.1990778127	19.91958431	8657046.653	288739318.5	nan	nan	nan	nan	nan	nan	|	cg20_prepPush0003	121630	cg20_AfterPush0004	122303	arc_length	200	0.02811881662	0.1191645783	10.75752746	2991568.714	90020833.75	30.80730959	-0.01522084377	0.01522084377	0.0101913341	nan	nan
26	cg20_AfterPush0004	122303	-0.0001359482733	0.03494281237	-0.006316524493	3.118100075e-05	0.001152235331	0.008848558143	0.0341180865	-0.006788219144	0.001027337393	0.009226427068	0.1990778127	19.91958431	8657046.653	288739318.5	nan	nan	nan	nan	nan	nan	|	cg20_prepPush0003	121630	cg20_AfterPush0004	122303	arc_length	200	0.02811881662	0.1191645783	10.75752746	2991568.714	90020833.75	30.98960136	-0.02131619711	0.02131619711	0.01141306492	nan	nan
26	cg20_AfterPush0004	122303	-0.0001359482733	0.03494281237	-0.006316524493	3.118100075e-05	0.001152235331	0.008848558143	0.0341180865	-0.006788219144	0.001027337393	0.009226427068	0.1990778127	19.91958431	8657046.653	288739318.5	nan	nan	nan	nan	nan	nan	|	cg20_prepPush0003	121630	cg20_AfterPush0004	122303	arc_length	200	0.02811881662	0.1191645783	10.75752746	2991568.714	90020833.75	31.17189313	-0.02741155044	0.02741155044	0.01272873043	nan	nan
26	cg20_AfterPush0004	122303	-0.0001359482733	0.03494281237	-0.006316524493	3.118100075e-05	0.001152235331	0.008848558143	0.0341180865	-0.006788219144	0.001027337393	0.009226427068	0.1990778127	19.91958431	8657046.653	288739318.5	nan	nan	nan	nan	nan	nan	|	cg20_prepPush0003	121630	cg20_AfterPush0004	122303	arc_length	200	0.02811881662	0.1191645783	10.75752746	2991568.714	90020833.75	31.35418491	-0.03350690377	0.03350690377	0.0141418097	nan	nan
26	cg20_AfterPush0004	122303	-0.0001359482733	0.03494281237	-0.006316524493	3.118100075e-05	0.001152235331	0.008848558143	0.0341180865	-0.006788219144	0.001027337393	0.009226427068	0.1990778127	19.91958431	8657046.653	288739318.5	nan	nan	nan	nan	nan	nan	|	cg20_prepPush0003	121630	cg20_AfterPush0004	122303	arc_length	200	0.02811881662	0.1191645783	10.75752746	2991568.714	90020833.75	31.53647668	-0.03960225711	0.03960225711	0.01565578178	nan	nan
26	cg20_AfterPush0004	122303	-0.0001359482733	0.03494281237	-0.006316524493	3.118100075e-05	0.001152235331	0.008848558143	0.0341180865	-0.006788219144	0.001027337393	0.009226427068	0.1990778127	19.91958431	8657046.653	288739318.5	nan	nan	nan	nan	nan	nan	|	cg20_prepPush0003	121630	cg20_AfterPush0004	122303	arc_length	200	0.02811881662	0.1191645783	10.75752746	2991568.714	90020833.75	31.71876845	-0.04569761044	0.04569761044	0.01727412574	nan	nan
26	cg20_AfterPush0004	122303	-0.0001359482733	0.03494281237	-0.006316524493	3.118100075e-05	0.001152235331	0.008848558143	0.0341180865	-0.006788219144	0.001027337393	0.009226427068	0.1990778127	19.91958431	8657046.653	288739318.5	nan	nan	nan	nan	nan	nan	|	cg20_prepPush0003	121630	cg20_AfterPush0004	122303	arc_length	200	0.02811881662	0.1191645783	10.75752746	2991568.714	90020833.75	31.90106022	-0.05179296377	0.05179296377	0.01900032065	nan	nan
26	cg20_AfterPush0004	122303	-0.0001359482733	0.03494281237	-0.006316524493	3.118100075e-05	0.001152235331	0.008848558143	0.0341180865	-0.006788219144	0.001027337393	0.009226427068	0.1990778127	19.91958431	8657046.653	288739318.5	nan	nan	nan	nan	nan	nan	|	cg20_prepPush0003	121630	cg20_AfterPush0004	122303	arc_length	200	0.02811881662	0.1191645783	10.75752746	2991568.714	90020833.75	32.083352	-0.0578883171	0.0578883171	0.02083784555	nan	nan
26	cg20_AfterPush0004	122303	-0.0001359482733	0.03494281237	-0.006316524493	3.118100075e-05	0.001152235331	0.008848558143	0.0341180865	-0.006788219144	0.001027337393	0.009226427068	0.1990778127	19.91958431	8657046.653	288739318.5	nan	nan	nan	nan	nan	nan	|	cg20_prepPush0003	121630	cg20_AfterPush0004	122303	arc_length	200	0.02811881662	0.1191645783	10.75752746	2991568.714	90020833.75	32.26564377	-0.06398367044	0.06398367044	0.02279017952	nan	nan
26	cg20_AfterPush0004	122303	-0.0001359482733	0.03494281237	-0.006316524493	3.118100075e-05	0.001152235331	0.008848558143	0.0341180865	-0.006788219144	0.001027337393	0.009226427068	0.1990778127	19.91958431	8657046.653	288739318.5	nan	nan	nan	nan	nan	nan	|	cg20_prepPush0003	121630	cg20_AfterPush0004	122303	arc_length	200	0.02811881662	0.1191645783	10.75752746	2991568.714	90020833.75	32.44793554	-0.07007902377	0.07007902377	0.02486080163	nan	nan
26	cg20_AfterPush0004	122303	-0.0001359482733	0.03494281237	-0.006316524493	3.118100075e-05	0.001152235331	0.008848558143	0.0341180865	-0.006788219144	0.001027337393	0.009226427068	0.1990778127	19.91958431	8657046.653	288739318.5	nan	nan	nan	nan	nan	nan	|	cg20_prepPush0003	121630	cg20_AfterPush0004	122303	arc_length	200	0.02811881662	0.1191645783	10.75752746	2991568.714	90020833.75	32.63022732	-0.07095228201	0.07095228201	0.02705319092	nan	nan
26	cg20_AfterPush0004	122303	-0.0001359482733	0.03494281237	-0.006316524493	3.118100075e-05	0.001152235331	0.008848558143	0.0341180865	-0.006788219144	0.001027337393	0.009226427068	0.1990778127	19.91958431	8657046.653	288739318.5	nan	nan	nan	nan	nan	nan	|	cg20_prepPush0003	121630	cg20_AfterPush0004	122303	arc_length	200	0.02811881662	0.1191645783	10.75752746	2991568.714	90020833.75	32.81251909	-0.0568908527	0.0568908527	0.02937082647	nan	nan
26	cg20_AfterPush0004	122303	-0.0001359482733	0.03494281237	-0.006316524493	3.118100075e-05	0.001152235331	0.008848558143	0.0341180865	-0.006788219144	0.001027337393	0.009226427068	0.1990778127	19.91958431	8657046.653	288739318.5	nan	nan	nan	nan	nan	nan	|	cg20_prepPush0003	121630	cg20_AfterPush0004	122303	arc_length	200	0.02811881662	0.1191645783	10.75752746	2991568.714	90020833.75	32.99481086	-0.04282942339	0.04282942339	0.03181718733	nan	nan
26	cg20_AfterPush0004	122303	-0.0001359482733	0.03494281237	-0.006316524493	3.118100075e-05	0.001152235331	0.008848558143	0.0341180865	-0.006788219144	0.001027337393	0.009226427068	0.1990778127	19.91958431	8657046.653	288739318.5	nan	nan	nan	nan	nan	nan	|	cg20_prepPush0003	121630	cg20_AfterPush0004	122303	arc_length	200	0.02811881662	0.1191645783	10.75752746	2991568.714	90020833.75	33.17710263	-0.03070903941	0.03070903941	0.03439575258	nan	nan
26	cg20_AfterPush0004	122303	-0.0001359482733	0.03494281237	-0.006316524493	3.118100075e-05	0.001152235331	0.008848558143	0.0341180865	-0.006788219144	0.001027337393	0.009226427068	0.1990778127	19.91958431	8657046.653	288739318.5	nan	nan	nan	nan	nan	nan	|	cg20_prepPush0003	121630	cg20_AfterPush0004	122303	arc_length	200	0.02811881662	0.1191645783	10.75752746	2991568.714	90020833.75	33.35939441	-0.01864553711	0.01864553711	0.03711000126	nan	nan
26	cg20_AfterPush0004	122303	-0.0001359482733	0.03494281237	-0.006316524493	3.118100075e-05	0.001152235331	0.008848558143	0.0341180865	-0.006788219144	0.001027337393	0.009226427068	0.1990778127	19.91958431	8657046.653	288739318.5	nan	nan	nan	nan	nan	nan	|	cg20_prepPush0003	121630	cg20_AfterPush0004	122303	arc_length	200	0.02811881662	0.1191645783	10.75752746	2991568.714	90020833.75	33.54168618	-0.01444056504	0.01444056504	0.03996341245	nan	nan
26	cg20_AfterPush0004	122303	-0.0001359482733	0.03494281237	-0.006316524493	3.118100075e-05	0.001152235331	0.008848558143	0.0341180865	-0.006788219144	0.001027337393	0.009226427068	0.1990778127	19.91958431	8657046.653	288739318.5	nan	nan	nan	nan	nan	nan	|	cg20_prepPush0003	121630	cg20_AfterPush0004	122303	arc_length	200	0.02811881662	0.1191645783	10.75752746	2991568.714	90020833.75	33.72397795	-0.02053591837	0.02053591837	0.04295946521	nan	nan
26	cg20_AfterPush0004	122303	-0.0001359482733	0.03494281237	-0.006316524493	3.118100075e-05	0.001152235331	0.008848558143	0.0341180865	-0.006788219144	0.001027337393	0.009226427068	0.1990778127	19.91958431	8657046.653	288739318.5	nan	nan	nan	nan	nan	nan	|	cg20_prepPush0003	121630	cg20_AfterPush0004	122303	arc_length	200	0.02811881662	0.1191645783	10.75752746	2991568.714	90020833.75	33.90626972	-0.02663127171	0.02663127171	0.0461016386	nan	nan
26	cg20_AfterPush0004	122303	-0.0001359482733	0.03494281237	-0.006316524493	3.118100075e-05	0.001152235331	0.008848558143	0.0341180865	-0.006788219144	0.001027337393	0.009226427068	0.1990778127	19.91958431	8657046.653	288739318.5	nan	nan	nan	nan	nan	nan	|	cg20_prepPush0003	121630	cg20_AfterPush0004	122303	arc_length	200	0.02811881662	0.1191645783	10.75752746	2991568.714	90020833.75	34.0885615	-0.03272662504	0.03272662504	0.04939341168	nan	nan
26	cg20_AfterPush0004	122303	-0.0001359482733	0.03494281237	-0.006316524493	3.118100075e-05	0.001152235331	0.008848558143	0.0341180865	-0.006788219144	0.001027337393	0.009226427068	0.1990778127	19.91958431	8657046.653	288739318.5	nan	nan	nan	nan	nan	nan	|	cg20_prepPush0003	121630	cg20_AfterPush0004	122303	arc_length	200	0.02811881662	0.1191645783	10.75752746	2991568.714	90020833.75	34.27085327	-0.03882197837	0.03882197837	0.05283826351	nan	nan
26	cg20_AfterPush0004	122303	-0.0001359482733	0.03494281237	-0.006316524493	3.118100075e-05	0.001152235331	0.008848558143	0.0341180865	-0.006788219144	0.001027337393	0.009226427068	0.1990778127	19.91958431	8657046.653	288739318.5	nan	nan	nan	nan	nan	nan	|	cg20_prepPush0003	121630	cg20_AfterPush0004	122303	arc_length	200	0.02811881662	0.1191645783	10.75752746	2991568.714	90020833.75	34.45314504	-0.0449173317	0.0449173317	0.05643967317	nan	nan
26	cg20_AfterPush0004	122303	-0.0001359482733	0.03494281237	-0.006316524493	3.118100075e-05	0.001152235331	0.008848558143	0.0341180865	-0.006788219144	0.001027337393	0.009226427068	0.1990778127	19.91958431	8657046.653	288739318.5	nan	nan	nan	nan	nan	nan	|	cg20_prepPush0003	121630	cg20_AfterPush0004	122303	arc_length	200	0.02811881662	0.1191645783	10.75752746	2991568.714	90020833.75	34.63543682	-0.05101268504	0.05101268504	0.0602011197	nan	nan
26	cg20_AfterPush0004	122303	-0.0001359482733	0.03494281237	-0.006316524493	3.118100075e-05	0.001152235331	0.008848558143	0.0341180865	-0.006788219144	0.001027337393	0.009226427068	0.1990778127	19.91958431	8657046.653	288739318.5	nan	nan	nan	nan	nan	nan	|	cg20_prepPush0003	121630	cg20_AfterPush0004	122303	arc_length	200	0.02811881662	0.1191645783	10.75752746	2991568.714	90020833.75	34.81772859	-0.05715318887	0.05715318887	0.06412608218	nan	nan
26	cg20_AfterPush0004	122303	-0.0001359482733	0.03494281237	-0.006316524493	3.118100075e-05	0.001152235331	0.008848558143	0.0341180865	-0.006788219144	0.001027337393	0.009226427068	0.1990778127	19.91958431	8657046.653	288739318.5	nan	nan	nan	nan	nan	nan	|	cg20_prepPush0003	121630	cg20_AfterPush0004	122303	arc_length	200	0.02811881662	0.1191645783	10.75752746	2991568.714	90020833.75	35.00002036	-0.06309555127	0.06309555127	0.06821803966	nan	nan
26	cg20_AfterPush0004	122303	-0.0001359482733	0.03494281237	-0.006316524493	3.118100075e-05	0.001152235331	0.008848558143	0.0341180865	-0.006788219144	0.001027337393	0.009226427068	0.1990778127	19.91958431	8657046.653	288739318.5	nan	nan	nan	nan	nan	nan	|	cg20_prepPush0003	121630	cg20_AfterPush0004	122303	arc_length	200	0.02811881662	0.1191645783	10.75752746	2991568.714	90020833.75	35.18231213	-0.05689035315	0.05689035315	0.07248047121	nan	nan
26	cg20_AfterPush0004	122303	-0.0001359482733	0.03494281237	-0.006316524493	3.118100075e-05	0.001152235331	0.008848558143	0.0341180865	-0.006788219144	0.001027337393	0.009226427068	0.1990778127	19.91958431	8657046.653	288739318.5	nan	nan	nan	nan	nan	nan	|	cg20_prepPush0003	121630	cg20_AfterPush0004	122303	arc_length	200	0.02811881662	0.1191645783	10.75752746	2991568.714	90020833.75	35.36460391	-0.05683351575	0.05683351575	0.07691685589	nan	nan
26	cg20_AfterPush0004	122303	-0.0001359482733	0.03494281237	-0.006316524493	3.118100075e-05	0.001152235331	0.008848558143	0.0341180865	-0.006788219144	0.001027337393	0.009226427068	0.1990778127	19.91958431	8657046.653	288739318.5	nan	nan	nan	nan	nan	nan	|	cg20_prepPush0003	121630	cg20_AfterPush0004	122303	arc_length	200	0.02811881662	0.1191645783	10.75752746	2991568.714	90020833.75	35.54689568	-0.06467785032	0.06467785032	0.08153067277	nan	nan
26	cg20_AfterPush0004	122303	-0.0001359482733	0.03494281237	-0.006316524493	3.118100075e-05	0.001152235331	0.008848558143	0.0341180865	-0.006788219144	0.001027337393	0.009226427068	0.1990778127	19.91958431	8657046.653	288739318.5	nan	nan	nan	nan	nan	nan	|	cg20_prepPush0003	121630	cg20_AfterPush0004	122303	arc_length	200	0.02811881662	0.1191645783	10.75752746	2991568.714	90020833.75	35.72918745	-0.09790121523	0.09790121523	0.0863254009	nan	nan
26	cg20_AfterPush0004	122303	-0.0001359482733	0.03494281237	-0.006316524493	3.118100075e-05	0.001152235331	0.008848558143	0.0341180865	-0.006788219144	0.001027337393	0.009226427068	0.1990778127	19.91958431	8657046.653	288739318.5	nan	nan	nan	nan	nan	nan	|	cg20_prepPush0003	121630	cg20_AfterPush0004	122303	arc_length	200	0.02811881662	0.1191645783	10.75752746	2991568.714	90020833.75	35.91147922	-0.1335128504	0.1335128504	0.09130451935	nan	nan
26	cg20_AfterPush0004	122303	-0.0001359482733	0.03494281237	-0.006316524493	3.118100075e-05	0.001152235331	0.008848558143	0.0341180865	-0.006788219144	0.001027337393	0.009226427068	0.1990778127	19.91958431	8657046.653	288739318.5	nan	nan	nan	nan	nan	nan	|	cg20_prepPush0003	121630	cg20_AfterPush0004	122303	arc_length	200	0.02811881662	0.1191645783	10.75752746	2991568.714	90020833.75	36.093771	-0.1069951412	0.1069951412	0.09647150718	nan	nan
26	nan	nan	nan	nan	nan	nan	nan	nan	nan	nan	nan	nan	nan	nan	nan	nan	nan	nan	nan	nan	nan	nan	|	cg20_prepPush0003	121630	cg20_AfterPush0004	122303	arc_length	200	0.02811881662	0.1191645783	10.75752746	2991568.714	90020833.75	36.27606277	-0.06843291345	0.06843291345	0.1018298435	nan	nan
