x_split	fit_v1_file_name	fit_v1_file_time	fit_v1_parabola_a	fit_v1_parabola_b	fit_v1_parabola_c	fit_v1_parabola_a_err	fit_v1_parabola_b_err	fit_v1_parabola_c_err	fit_v1_line_m	fit_v1_line_q	fit_v1_line_m_err	fit_v1_line_q_err	fit_v1_d0	fit_v1_L	fit_v1_d0_err	fit_v1_L_err	fit_v1_x	fit_v1_d_signed	fit_v1_d_abs	fit_v1_d_fit	fit_v1_theta_x	fit_v1_theta	|	direct_pre_file_name	direct_pre_file_time	direct_post_file_name	direct_post_file_time	direct_sample_method	direct_n_samples	direct_registration_rmse	direct_d0	direct_L	direct_d0_err	direct_L_err	direct_x	direct_d_signed	direct_d_abs	direct_d_fit	direct_theta_x	direct_theta
34	MBLG_cg26_Push2_0004	154852	-9.15543444e-05	0.04492777985	-0.03482745164	2.110930794e-05	0.00139684421	0.01914501556	0.04245425622	-0.0244295599	0.00100906651	0.02061489934	0.3363523307	29.17849056	12241954.71	353995633.5	0	0.0244295599	0.0244295599	0	36.766271	0	|	MBLG_cg26_BeforePush_0003	150624	MBLG_cg26_Push2_0004	154852	arc_length	200	0.09386694252	0.583134345	31.81344035	8356305.431	151962027.1	0	0.08716512756	0.08716512756	0	34.12970609	0
34	MBLG_cg26_Push2_0004	154852	-9.15543444e-05	0.04492777985	-0.03482745164	2.110930794e-05	0.00139684421	0.01914501556	0.04245425622	-0.0244295599	0.00100906651	0.02061489934	0.3363523307	29.17849056	12241954.71	353995633.5	0.663119	-0.003722664028	0.003722664028	0	37.35571	0.0008085885715	|	MBLG_cg26_BeforePush_0003	150624	MBLG_cg26_Push2_0004	154852	arc_length	200	0.09386694252	0.583134345	31.81344035	8356305.431	151962027.1	0.3313563698	0.07776980203	0.07776980203	0	34.46106246	0.0003417993594
34	MBLG_cg26_Push2_0004	154852	-9.15543444e-05	0.04492777985	-0.03482745164	2.110930794e-05	0.00139684421	0.01914501556	0.04245425622	-0.0244295599	0.00100906651	0.02061489934	0.3363523307	29.17849056	12241954.71	353995633.5	1.326238	0.04180511204	0.04180511204	0	38.534588	0.007277297105	|	MBLG_cg26_BeforePush_0003	150624	MBLG_cg26_Push2_0004	154852	arc_length	200	0.09386694252	0.583134345	31.81344035	8356305.431	151962027.1	0.6627127396	0.06837447651	0.06837447651	0	34.79241883	0.001367197437
34	MBLG_cg26_Push2_0004	154852	-9.15543444e-05	0.04492777985	-0.03482745164	2.110930794e-05	0.00139684421	0.01914501556	0.04245425622	-0.0244295599	0.00100906651	0.02061489934	0.3363523307	29.17849056	12241954.71	353995633.5	1.841997	0.01990894731	0.01990894731	0	39.124027	0.01293741692	|	MBLG_cg26_BeforePush_0003	150624	MBLG_cg26_Push2_0004	154852	arc_length	200	0.09386694252	0.583134345	31.81344035	8356305.431	151962027.1	0.9940691093	0.09427059541	0.09427059541	0	35.1237752	0.003076194232
34	MBLG_cg26_Push2_0004	154852	-9.15543444e-05	0.04492777985	-0.03482745164	2.110930794e-05	0.00139684421	0.01914501556	0.04245425622	-0.0244295599	0.00100906651	0.02061489934	0.3363523307	29.17849056	12241954.71	353995633.5	2.431436	-0.07879524702	0.07879524702	0	40.008186	0.02445981035	|	MBLG_cg26_BeforePush_0003	150624	MBLG_cg26_Push2_0004	154852	arc_length	200	0.09386694252	0.583134345	31.81344035	8356305.431	151962027.1	1.325425479	0.1082137028	0.1082137028	0	35.45513157	0.005468789734
34	MBLG_cg26_Push2_0004	154852	-9.15543444e-05	0.04492777985	-0.03482745164	2.110930794e-05	0.00139684421	0.01914501556	0.04245425622	-0.0244295599	0.00100906651	0.02061489934	0.3363523307	29.17849056	12241954.71	353995633.5	2.947196	0.1203485458	0.1203485458	0	40.892345	0.03962085289	|	MBLG_cg26_BeforePush_0003	150624	MBLG_cg26_Push2_0004	154852	arc_length	200	0.09386694252	0.583134345	31.81344035	8356305.431	151962027.1	1.656781849	0.06154045775	0.06154045775	0	35.78648794	0.008544983922
34	MBLG_cg26_Push2_0004	154852	-9.15543444e-05	0.04492777985	-0.03482745164	2.110930794e-05	0.00139684421	0.01914501556	0.04245425622	-0.0244295599	0.00100906651	0.02061489934	0.3363523307	29.17849056	12241954.71	353995633.5	3.462955	0.09845238106	0.09845238106	0	41.629144	0.05503457102	|	MBLG_cg26_BeforePush_0003	150624	MBLG_cg26_Push2_0004	154852	arc_length	200	0.09386694252	0.583134345	31.81344035	8356305.431	151962027.1	1.988138219	0.007762654566	0.007762654566	0	36.11784431	0.01230477675
34	MBLG_cg26_Push2_0004	154852	-9.15543444e-05	0.04492777985	-0.03482745164	2.110930794e-05	0.00139684421	0.01914501556	0.04245425622	-0.0244295599	0.00100906651	0.02061489934	0.3363523307	29.17849056	12241954.71	353995633.5	5.304952	-0.05342823152	0.05342823152	0	42.439623	0.07490815086	|	MBLG_cg26_BeforePush_0003	150624	MBLG_cg26_Push2_0004	154852	arc_length	200	0.09386694252	0.583134345	31.81344035	8356305.431	151962027.1	2.319494588	-0.03719348932	0.03719348932	0	36.44920068	0.01674816814
34	MBLG_cg26_Push2_0004	154852	-9.15543444e-05	0.04492777985	-0.03482745164	2.110930794e-05	0.00139684421	0.01914501556	0.04245425622	-0.0244295599	0.00100906651	0.02061489934	0.3363523307	29.17849056	12241954.71	353995633.5	5.894392	-0.004772468308	0.004772468308	0	42.881702	0.0870369514	|	MBLG_cg26_BeforePush_0003	150624	MBLG_cg26_Push2_0004	154852	arc_length	200	0.09386694252	0.583134345	31.81344035	8356305.431	151962027.1	2.650850958	0.02203538741	0.02203538741	0	36.78055705	0.02187515794
34	MBLG_cg26_Push2_0004	154852	-9.15543444e-05	0.04492777985	-0.03482745164	2.110930794e-05	0.00139684421	0.01914501556	0.04245425622	-0.0244295599	0.00100906651	0.02061489934	0.3363523307	29.17849056	12241954.71	353995633.5	6.631191	-0.1097327218	0.1097327218	0	43.765861	0.1140235333	|	MBLG_cg26_BeforePush_0003	150624	MBLG_cg26_Push2_0004	154852	arc_length	200	0.09386694252	0.583134345	31.81344035	8356305.431	151962027.1	2.982207328	0.1438749095	0.1438749095	0	37.11191342	0.02768574596
34	MBLG_cg26_Push2_0004	154852	-9.15543444e-05	0.04492777985	-0.03482745164	2.110930794e-05	0.00139684421	0.01914501556	0.04245425622	-0.0244295599	0.00100906651	0.02061489934	0.3363523307	29.17849056	12241954.71	353995633.5	7.36799	-0.1410129754	0.1410129754	0	44.57634	0.1419576224	|	MBLG_cg26_BeforePush_0003	150624	MBLG_cg26_Push2_0004	154852	arc_length	200	0.09386694252	0.583134345	31.81344035	8356305.431	151962027.1	3.313563698	0.1397483056	0.1397483056	0	37.44326978	0.03417993189
34	MBLG_cg26_Push2_0004	154852	-9.15543444e-05	0.04492777985	-0.03482745164	2.110930794e-05	0.00139684421	0.01914501556	0.04245425622	-0.0244295599	0.00100906651	0.02061489934	0.3363523307	29.17849056	12241954.71	353995633.5	7.810069	-0.1597811105	0.1597811105	0	45.313139	0.1700053477	|	MBLG_cg26_BeforePush_0003	150624	MBLG_cg26_Push2_0004	154852	arc_length	200	0.09386694252	0.583134345	31.81344035	8356305.431	151962027.1	3.644920068	0.1061412009	0.1061412009	0	37.77462615	0.04135771531
34	MBLG_cg26_Push2_0004	154852	-9.15543444e-05	0.04492777985	-0.03482745164	2.110930794e-05	0.00139684421	0.01914501556	0.04245425622	-0.0244295599	0.00100906651	0.02061489934	0.3363523307	29.17849056	12241954.71	353995633.5	8.399508	0.03623369518	0.03623369518	0	46.123618	0.2037762202	|	MBLG_cg26_BeforePush_0003	150624	MBLG_cg26_Push2_0004	154852	arc_length	200	0.09386694252	0.583134345	31.81344035	8356305.431	151962027.1	3.976276437	0.0604440179	0.0604440179	0	38.10598252	0.04921909565
34	MBLG_cg26_Push2_0004	154852	-9.15543444e-05	0.04492777985	-0.03482745164	2.110930794e-05	0.00139684421	0.01914501556	0.04245425622	-0.0244295599	0.00100906651	0.02061489934	0.3363523307	29.17849056	12241954.71	353995633.5	9.136307	-0.06872655835	0.06872655835	0	47.081457	0.2476288762	|	MBLG_cg26_BeforePush_0003	150624	MBLG_cg26_Push2_0004	154852	arc_length	200	0.09386694252	0.583134345	31.81344035	8356305.431	151962027.1	4.307632807	0.03809106322	0.03809106322	0	38.43733889	0.05776407217
34	MBLG_cg26_Push2_0004	154852	-9.15543444e-05	0.04492777985	-0.03482745164	2.110930794e-05	0.00139684421	0.01914501556	0.04245425622	-0.0244295599	0.00100906651	0.02061489934	0.3363523307	29.17849056	12241954.71	353995633.5	9.799426	-0.02319878228	0.02319878228	0	47.965616	0.2918981574	|	MBLG_cg26_BeforePush_0003	150624	MBLG_cg26_Push2_0004	154852	arc_length	200	0.09386694252	0.583134345	31.81344035	8356305.431	151962027.1	4.638989177	0.01714292859	0.01714292859	0	38.76869526	0.06699264392
34	MBLG_cg26_Push2_0004	154852	-9.15543444e-05	0.04492777985	-0.03482745164	2.110930794e-05	0.00139684421	0.01914501556	0.04245425622	-0.0244295599	0.00100906651	0.02061489934	0.3363523307	29.17849056	12241954.71	353995633.5	10.609905	-0.0576070654	0.0576070654	0	48.628735	0.3274876671	|	MBLG_cg26_BeforePush_0003	150624	MBLG_cg26_Push2_0004	154852	arc_length	200	0.09386694252	0.583134345	31.81344035	8356305.431	151962027.1	4.970345547	-0.01972658985	0.01972658985	0	39.10005163	0.07690480969
34	MBLG_cg26_Push2_0004	154852	-9.15543444e-05	0.04492777985	-0.03482745164	2.110930794e-05	0.00139684421	0.01914501556	0.04245425622	-0.0244295599	0.00100906651	0.02061489934	0.3363523307	29.17849056	12241954.71	353995633.5	11.051985	-0.07637524299	0.07637524299	0	49.365534	0.3694316747	|	MBLG_cg26_BeforePush_0003	150624	MBLG_cg26_Push2_0004	154852	arc_length	200	0.09386694252	0.583134345	31.81344035	8356305.431	151962027.1	5.301701916	-0.05659610829	0.05659610829	0	39.431408	0.08750056799
34	MBLG_cg26_Push2_0004	154852	-9.15543444e-05	0.04492777985	-0.03482745164	2.110930794e-05	0.00139684421	0.01914501556	0.04245425622	-0.0244295599	0.00100906651	0.02061489934	0.3363523307	29.17849056	12241954.71	353995633.5	11.715104	0.04283253308	0.04283253308	0	50.028653	0.4093412775	|	MBLG_cg26_BeforePush_0003	150624	MBLG_cg26_Push2_0004	154852	arc_length	200	0.09386694252	0.583134345	31.81344035	8356305.431	151962027.1	5.633058286	-0.03733588485	0.03733588485	0	39.76276437	0.09877991701
34	MBLG_cg26_Push2_0004	154852	-9.15543444e-05	0.04492777985	-0.03482745164	2.110930794e-05	0.00139684421	0.01914501556	0.04245425622	-0.0244295599	0.00100906651	0.02061489934	0.3363523307	29.17849056	12241954.71	353995633.5	12.451903	0.01155227956	0.01155227956	0	50.765452	0.4560851672	|	MBLG_cg26_BeforePush_0003	150624	MBLG_cg26_Push2_0004	154852	arc_length	200	0.09386694252	0.583134345	31.81344035	8356305.431	151962027.1	5.964414656	-0.007438067895	0.007438067895	0	40.09412074	0.1107428545
34	MBLG_cg26_Push2_0004	154852	-9.15543444e-05	0.04492777985	-0.03482745164	2.110930794e-05	0.00139684421	0.01914501556	0.04245425622	-0.0244295599	0.00100906651	0.02061489934	0.3363523307	29.17849056	12241954.71	353995633.5	13.409742	-0.02911206276	0.02911206276	0	51.428571	0.5003144288	|	MBLG_cg26_BeforePush_0003	150624	MBLG_cg26_Push2_0004	154852	arc_length	200	0.09386694252	0.583134345	31.81344035	8356305.431	151962027.1	6.295771026	-0.0497447451	0.0497447451	0	40.42547711	0.123389378
34	MBLG_cg26_Push2_0004	154852	-9.15543444e-05	0.04492777985	-0.03482745164	2.110930794e-05	0.00139684421	0.01914501556	0.04245425622	-0.0244295599	0.00100906651	0.02061489934	0.3363523307	29.17849056	12241954.71	353995633.5	14.44126	-0.07290439223	0.07290439223	0	52.23905	0.5571508789	|	MBLG_cg26_BeforePush_0003	150624	MBLG_cg26_Push2_0004	154852	arc_length	200	0.09386694252	0.583134345	31.81344035	8356305.431	151962027.1	6.627127396	-0.09205142231	0.09205142231	0	40.75683348	0.1367194843
34	MBLG_cg26_Push2_0004	154852	-9.15543444e-05	0.04492777985	-0.03482745164	2.110930794e-05	0.00139684421	0.01914501556	0.04245425622	-0.0244295599	0.00100906651	0.02061489934	0.3363523307	29.17849056	12241954.71	353995633.5	15.325419	-0.03676070495	0.03676070495	0	52.902169	0.6059265088	|	MBLG_cg26_BeforePush_0003	150624	MBLG_cg26_Push2_0004	154852	arc_length	200	0.09386694252	0.583134345	31.81344035	8356305.431	151962027.1	6.958483765	-0.1083425934	0.1083425934	0	41.08818985	0.1507331698
34	MBLG_cg26_Push2_0004	154852	-9.15543444e-05	0.04492777985	-0.03482745164	2.110930794e-05	0.00139684421	0.01914501556	0.04245425622	-0.0244295599	0.00100906651	0.02061489934	0.3363523307	29.17849056	12241954.71	353995633.5	16.062218	0.1529990415	0.1529990415	0	53.786328	0.6741427102	|	MBLG_cg26_BeforePush_0003	150624	MBLG_cg26_Push2_0004	154852	arc_length	200	0.09386694252	0.583134345	31.81344035	8356305.431	151962027.1	7.289840135	-0.1177379189	0.1177379189	0	41.41954622	0.1654304303
34	MBLG_cg26_Push2_0004	154852	-9.15543444e-05	0.04492777985	-0.03482745164	2.110930794e-05	0.00139684421	0.01914501556	0.04245425622	-0.0244295599	0.00100906651	0.02061489934	0.3363523307	29.17849056	12241954.71	353995633.5	16.872697	0.0449107584	0.0449107584	0	54.596807	0.7398684715	|	MBLG_cg26_BeforePush_0003	150624	MBLG_cg26_Push2_0004	154852	arc_length	200	0.09386694252	0.583134345	31.81344035	8356305.431	151962027.1	7.621196505	-0.1271332444	0.1271332444	0	41.75090259	0.1808112609
34	MBLG_cg26_Push2_0004	154852	-9.15543444e-05	0.04492777985	-0.03482745164	2.110930794e-05	0.00139684421	0.01914501556	0.04245425622	-0.0244295599	0.00100906651	0.02061489934	0.3363523307	29.17849056	12241954.71	353995633.5	17.830536	0.004246416082	0.004246416082	0	55.480966	0.8150534221	|	MBLG_cg26_BeforePush_0003	150624	MBLG_cg26_Push2_0004	154852	arc_length	200	0.09386694252	0.583134345	31.81344035	8356305.431	151962027.1	7.952552875	-0.1106687222	0.1106687222	0	42.08225896	0.1968756562
34	MBLG_cg26_Push2_0004	154852	-9.15543444e-05	0.04492777985	-0.03482745164	2.110930794e-05	0.00139684421	0.01914501556	0.04245425622	-0.0244295599	0.00100906651	0.02061489934	0.3363523307	29.17849056	12241954.71	353995633.5	18.714695	-0.1069698966	0.1069698966	0	56.144085	0.8738275964	|	MBLG_cg26_BeforePush_0003	150624	MBLG_cg26_Push2_0004	154852	arc_length	200	0.09386694252	0.583134345	31.81344035	8356305.431	151962027.1	8.283909244	-0.02014805256	0.02014805256	0	42.41361533	0.2136236098
34	MBLG_cg26_Push2_0004	154852	-9.15543444e-05	0.04492777985	-0.03482745164	2.110930794e-05	0.00139684421	0.01914501556	0.04245425622	-0.0244295599	0.00100906651	0.02061489934	0.3363523307	29.17849056	12241954.71	353995633.5	19.156774	0.09530196823	0.09530196823	0	56.512484	0.9073632604	|	MBLG_cg26_BeforePush_0003	150624	MBLG_cg26_Push2_0004	154852	arc_length	200	0.09386694252	0.583134345	31.81344035	8356305.431	151962027.1	8.615265614	0.007619737336	0.007619737336	0	42.7449717	0.2310551145
34	MBLG_cg26_Push2_0004	154852	-9.15543444e-05	0.04492777985	-0.03482745164	2.110930794e-05	0.00139684421	0.01914501556	0.04245425622	-0.0244295599	0.00100906651	0.02061489934	0.3363523307	29.17849056	12241954.71	353995633.5	19.819893	0.0671497443	0.0671497443	0	57.249283	0.9763273721	|	MBLG_cg26_BeforePush_0003	150624	MBLG_cg26_Push2_0004	154852	arc_length	200	0.09386694252	0.583134345	31.81344035	8356305.431	151962027.1	8.946621984	-0.06133838657	0.06133838657	0	43.07632807	0.2491701622
34	MBLG_cg26_Push2_0004	154852	-9.15543444e-05	0.04492777985	-0.03482745164	2.110930794e-05	0.00139684421	0.01914501556	0.04245425622	-0.0244295599	0.00100906651	0.02061489934	0.3363523307	29.17849056	12241954.71	353995633.5	20.704052	0.1032934316	0.1032934316	0	57.986082	1.047814653	|	MBLG_cg26_BeforePush_0003	150624	MBLG_cg26_Push2_0004	154852	arc_length	200	0.09386694252	0.583134345	31.81344035	8356305.431	151962027.1	9.277978354	-0.09565070351	0.09565070351	0	43.40768444	0.2679687439
34	MBLG_cg26_Push2_0004	154852	-9.15543444e-05	0.04492777985	-0.03482745164	2.110930794e-05	0.00139684421	0.01914501556	0.04245425622	-0.0244295599	0.00100906651	0.02061489934	0.3363523307	29.17849056	12241954.71	353995633.5	21.661891	0.06262908926	0.06262908926	0	59.017601	1.152134739	|	MBLG_cg26_BeforePush_0003	150624	MBLG_cg26_Push2_0004	154852	arc_length	200	0.09386694252	0.583134345	31.81344035	8356305.431	151962027.1	9.609334724	-0.06914281616	0.06914281616	0	43.73904081	0.2874508496
34	MBLG_cg26_Push2_0004	154852	-9.15543444e-05	0.04492777985	-0.03482745164	2.110930794e-05	0.00139684421	0.01914501556	0.04245425622	-0.0244295599	0.00100906651	0.02061489934	0.3363523307	29.17849056	12241954.71	353995633.5	22.32501	0.1081568653	0.1081568653	0	59.82808	1.237567966	|	MBLG_cg26_BeforePush_0003	150624	MBLG_cg26_Push2_0004	154852	arc_length	200	0.09386694252	0.583134345	31.81344035	8356305.431	151962027.1	9.940691093	-0.06635134922	0.06635134922	0	44.07039718	0.3076164677
34	MBLG_cg26_Push2_0004	154852	-9.15543444e-05	0.04492777985	-0.03482745164	2.110930794e-05	0.00139684421	0.01914501556	0.04245425622	-0.0244295599	0.00100906651	0.02061489934	0.3363523307	29.17849056	12241954.71	353995633.5	23.061809	0.0768766118	0.0768766118	0	60.564879	1.317881544	|	MBLG_cg26_BeforePush_0003	150624	MBLG_cg26_Push2_0004	154852	arc_length	200	0.09386694252	0.583134345	31.81344035	8356305.431	151962027.1	10.27204746	-0.1087060173	0.1087060173	0	44.40175355	0.328465586
34	MBLG_cg26_Push2_0004	154852	-9.15543444e-05	0.04492777985	-0.03482745164	2.110930794e-05	0.00139684421	0.01914501556	0.04245425622	-0.0244295599	0.00100906651	0.02061489934	0.3363523307	29.17849056	12241954.71	353995633.5	23.798608	0.04559635828	0.04559635828	0	61.449038	1.417584389	|	MBLG_cg26_BeforePush_0003	150624	MBLG_cg26_Push2_0004	154852	arc_length	200	0.09386694252	0.583134345	31.81344035	8356305.431	151962027.1	10.60340383	-0.1375219357	0.1375219357	0	44.73310992	0.3499981906
34	MBLG_cg26_Push2_0004	154852	-9.15543444e-05	0.04492777985	-0.03482745164	2.110930794e-05	0.00139684421	0.01914501556	0.04245425622	-0.0244295599	0.00100906651	0.02061489934	0.3363523307	29.17849056	12241954.71	353995633.5	24.535407	0.01431610475	0.01431610475	0	62.554236	1.547313847	|	MBLG_cg26_BeforePush_0003	150624	MBLG_cg26_Push2_0004	154852	arc_length	200	0.09386694252	0.583134345	31.81344035	8356305.431	151962027.1	10.9347602	-0.1461399783	0.1461399783	0	45.06446629	0.3722142662
34	MBLG_cg26_Push2_0004	154852	-9.15543444e-05	0.04492777985	-0.03482745164	2.110930794e-05	0.00139684421	0.01914501556	0.04245425622	-0.0244295599	0.00100906651	0.02061489934	0.3363523307	29.17849056	12241954.71	353995633.5	25.345886	-0.02009217837	0.02009217837	0	63.880474	1.710466239	|	MBLG_cg26_BeforePush_0003	150624	MBLG_cg26_Push2_0004	154852	arc_length	200	0.09386694252	0.583134345	31.81344035	8356305.431	151962027.1	11.26611657	-0.1335813	0.1335813	0	45.39582266	0.3951137961
34	MBLG_cg26_Push2_0004	154852	-9.15543444e-05	0.04492777985	-0.03482745164	2.110930794e-05	0.00139684421	0.01914501556	0.04245425622	-0.0244295599	0.00100906651	0.02061489934	0.3363523307	29.17849056	12241954.71	353995633.5	25.861645	0.1053706569	0.1053706569	0	64.838313	1.833367866	|	MBLG_cg26_BeforePush_0003	150624	MBLG_cg26_Push2_0004	154852	arc_length	200	0.09386694252	0.583134345	31.81344035	8356305.431	151962027.1	11.59747294	-0.07090040286	0.07090040286	0	45.72717903	0.4186967621
34	MBLG_cg26_Push2_0004	154852	-9.15543444e-05	0.04492777985	-0.03482745164	2.110930794e-05	0.00139684421	0.01914501556	0.04245425622	-0.0244295599	0.00100906651	0.02061489934	0.3363523307	29.17849056	12241954.71	353995633.5	26.598444	0.07409040337	0.07409040337	0	65.943512	1.980456464	|	MBLG_cg26_BeforePush_0003	150624	MBLG_cg26_Push2_0004	154852	arc_length	200	0.09386694252	0.583134345	31.81344035	8356305.431	151962027.1	11.92882931	-0.0265665441	0.0265665441	0	46.0585354	0.4429631442
34	MBLG_cg26_Push2_0004	154852	-9.15543444e-05	0.04492777985	-0.03482745164	2.110930794e-05	0.00139684421	0.01914501556	0.04245425622	-0.0244295599	0.00100906651	0.02061489934	0.3363523307	29.17849056	12241954.71	353995633.5	27.408923	0.03968212025	0.03968212025	0	nan	nan	|	MBLG_cg26_BeforePush_0003	150624	MBLG_cg26_Push2_0004	154852	arc_length	200	0.09386694252	0.583134345	31.81344035	8356305.431	151962027.1	12.26018568	-0.03596186963	0.03596186963	0	46.38989177	0.4679129205
34	MBLG_cg26_Push2_0004	154852	-9.15543444e-05	0.04492777985	-0.03482745164	2.110930794e-05	0.00139684421	0.01914501556	0.04245425622	-0.0244295599	0.00100906651	0.02061489934	0.3363523307	29.17849056	12241954.71	353995633.5	28.293082	0.002145807524	0.002145807524	0	nan	nan	|	MBLG_cg26_BeforePush_0003	150624	MBLG_cg26_Push2_0004	154852	arc_length	200	0.09386694252	0.583134345	31.81344035	8356305.431	151962027.1	12.59154205	-0.04535719515	0.04535719515	0	46.72124814	0.4935460674
34	MBLG_cg26_Push2_0004	154852	-9.15543444e-05	0.04492777985	-0.03482745164	2.110930794e-05	0.00139684421	0.01914501556	0.04245425622	-0.0244295599	0.00100906651	0.02061489934	0.3363523307	29.17849056	12241954.71	353995633.5	29.029881	0.044545554	0.044545554	0	nan	nan	|	MBLG_cg26_BeforePush_0003	150624	MBLG_cg26_Push2_0004	154852	arc_length	200	0.09386694252	0.583134345	31.81344035	8356305.431	151962027.1	12.92289842	-0.05475252068	0.05475252068	0	47.05260451	0.5198625593
34	MBLG_cg26_Push2_0004	154852	-9.15543444e-05	0.04492777985	-0.03482745164	2.110930794e-05	0.00139684421	0.01914501556	0.04245425622	-0.0244295599	0.00100906651	0.02061489934	0.3363523307	29.17849056	12241954.71	353995633.5	30.208759	-0.07918283466	0.07918283466	0	nan	nan	|	MBLG_cg26_BeforePush_0003	150624	MBLG_cg26_Push2_0004	154852	arc_length	200	0.09386694252	0.583134345	31.81344035	8356305.431	151962027.1	13.25425479	-0.0641478462	0.0641478462	0	47.38396088	0.5468623684
34	MBLG_cg26_Push2_0004	154852	-9.15543444e-05	0.04492777985	-0.03482745164	2.110930794e-05	0.00139684421	0.01914501556	0.04245425622	-0.0244295599	0.00100906651	0.02061489934	0.3363523307	29.17849056	12241954.71	353995633.5	30.798198	-0.104207029	0.104207029	0	nan	nan	|	MBLG_cg26_BeforePush_0003	150624	MBLG_cg26_Push2_0004	154852	arc_length	200	0.09386694252	0.583134345	31.81344035	8356305.431	151962027.1	13.58561116	-0.07354317173	0.07354317173	0	47.71531725	0.5745454646
34	MBLG_cg26_Push2_0004	154852	-9.15543444e-05	0.04492777985	-0.03482745164	2.110930794e-05	0.00139684421	0.01914501556	0.04245425622	-0.0244295599	0.00100906651	0.02061489934	0.3363523307	29.17849056	12241954.71	353995633.5	31.534998	-0.135487325	0.135487325	0	nan	nan	|	MBLG_cg26_BeforePush_0003	150624	MBLG_cg26_Push2_0004	154852	arc_length	200	0.09386694252	0.583134345	31.81344035	8356305.431	151962027.1	13.91696753	-0.08293849725	0.08293849725	0	48.04667362	0.6029118157
34	MBLG_cg26_Push2_0004	154852	-9.15543444e-05	0.04492777985	-0.03482745164	2.110930794e-05	0.00139684421	0.01914501556	0.04245425622	-0.0244295599	0.00100906651	0.02061489934	0.3363523307	29.17849056	12241954.71	353995633.5	31.977077	-0.006895460106	0.006895460106	0	nan	nan	|	MBLG_cg26_BeforePush_0003	150624	MBLG_cg26_Push2_0004	154852	arc_length	200	0.09386694252	0.583134345	31.81344035	8356305.431	151962027.1	14.2483239	-0.09233382278	0.09233382278	0	48.37802999	0.6319613869
34	MBLG_cg26_Push2_0004	154852	-9.15543444e-05	0.04492777985	-0.03482745164	2.110930794e-05	0.00139684421	0.01914501556	0.04245425622	-0.0244295599	0.00100906651	0.02061489934	0.3363523307	29.17849056	12241954.71	353995633.5	32.640196	-0.108727684	0.108727684	0	nan	nan	|	MBLG_cg26_BeforePush_0003	150624	MBLG_cg26_Push2_0004	154852	arc_length	200	0.09386694252	0.583134345	31.81344035	8356305.431	151962027.1	14.57968027	-0.1009776759	0.1009776759	0	48.70938636	0.6616941408
34	MBLG_cg26_Push2_0004	154852	-9.15543444e-05	0.04492777985	-0.03482745164	2.110930794e-05	0.00139684421	0.01914501556	0.04245425622	-0.0244295599	0.00100906651	0.02061489934	0.3363523307	29.17849056	12241954.71	353995633.5	33.155955	0.01673615123	0.01673615123	0	nan	nan	|	MBLG_cg26_BeforePush_0003	150624	MBLG_cg26_Push2_0004	154852	arc_length	200	0.09386694252	0.583134345	31.81344035	8356305.431	151962027.1	14.91103664	-0.08283393174	0.08283393174	0	49.04074273	0.6921100374
34	MBLG_cg26_Push2_0004	154852	-9.15543444e-05	0.04492777985	-0.03482745164	2.110930794e-05	0.00139684421	0.01914501556	0.04245425622	-0.0244295599	0.00100906651	0.02061489934	0.3363523307	29.17849056	12241954.71	353995633.5	34.040114	0.05287983851	0.05287983851	0	nan	nan	|	MBLG_cg26_BeforePush_0003	150624	MBLG_cg26_Push2_0004	154852	arc_length	200	0.09386694252	0.583134345	31.81344035	8356305.431	151962027.1	15.24239301	-0.06469018757	0.06469018757	0	49.3720991	0.7232090338
34	MBLG_cg26_Push2_0004	154852	-9.15543444e-05	0.04492777985	-0.03482745164	2.110930794e-05	0.00139684421	0.01914501556	0.04245425622	-0.0244295599	0.00100906651	0.02061489934	0.3363523307	29.17849056	12241954.71	353995633.5	34.924273	-0.05833647421	0.05833647421	0	nan	nan	|	MBLG_cg26_BeforePush_0003	150624	MBLG_cg26_Push2_0004	154852	arc_length	200	0.09386694252	0.583134345	31.81344035	8356305.431	151962027.1	15.57374938	-0.02275264877	0.02275264877	0	49.70345547	0.7549910842
34	MBLG_cg26_Push2_0004	154852	-9.15543444e-05	0.04492777985	-0.03482745164	2.110930794e-05	0.00139684421	0.01914501556	0.04245425622	-0.0244295599	0.00100906651	0.02061489934	0.3363523307	29.17849056	12241954.71	353995633.5	35.955792	-0.02844884613	0.02844884613	0	nan	nan	|	MBLG_cg26_BeforePush_0003	150624	MBLG_cg26_Push2_0004	154852	arc_length	200	0.09386694252	0.583134345	31.81344035	8356305.431	151962027.1	15.90510575	0.06342465132	0.06342465132	0	50.03481184	0.7874561397
34	MBLG_cg26_Push2_0004	154852	-9.15543444e-05	0.04492777985	-0.03482745164	2.110930794e-05	0.00139684421	0.01914501556	0.04245425622	-0.0244295599	0.00100906651	0.02061489934	0.3363523307	29.17849056	12241954.71	353995633.5	36.766271	-0.06285712925	0.06285712925	0	nan	nan	|	MBLG_cg26_BeforePush_0003	150624	MBLG_cg26_Push2_0004	154852	arc_length	200	0.09386694252	0.583134345	31.81344035	8356305.431	151962027.1	16.23646212	0.1460565716	0.1460565716	0	50.36616821	0.8206041481
34	MBLG_cg26_Push2_0004	154852	-9.15543444e-05	0.04492777985	-0.03482745164	2.110930794e-05	0.00139684421	0.01914501556	0.04245425622	-0.0244295599	0.00100906651	0.02061489934	0.3363523307	29.17849056	12241954.71	353995633.5	37.35571	-0.08788132358	0.08788132358	2.772825754e-06	nan	nan	|	MBLG_cg26_BeforePush_0003	150624	MBLG_cg26_Push2_0004	154852	arc_length	200	0.09386694252	0.583134345	31.81344035	8356305.431	151962027.1	16.56781849	0.1067122596	0.1067122596	0	50.69752458	0.854435054
34	MBLG_cg26_Push2_0004	154852	-9.15543444e-05	0.04492777985	-0.03482745164	2.110930794e-05	0.00139684421	0.01914501556	0.04245425622	-0.0244295599	0.00100906651	0.02061489934	0.3363523307	29.17849056	12241954.71	353995633.5	38.534588	-0.1379297122	0.1379297122	7.486629535e-05	nan	nan	|	MBLG_cg26_BeforePush_0003	150624	MBLG_cg26_Push2_0004	154852	arc_length	200	0.09386694252	0.583134345	31.81344035	8356305.431	151962027.1	16.89917486	0.06671686432	0.06671686432	0	51.02888095	0.8889487984
34	MBLG_cg26_Push2_0004	154852	-9.15543444e-05	0.04492777985	-0.03482745164	2.110930794e-05	0.00139684421	0.01914501556	0.04245425622	-0.0244295599	0.00100906651	0.02061489934	0.3363523307	29.17849056	12241954.71	353995633.5	39.124027	-0.08927390657	0.08927390657	0.0001774608482	nan	nan	|	MBLG_cg26_BeforePush_0003	150624	MBLG_cg26_Push2_0004	154852	arc_length	200	0.09386694252	0.583134345	31.81344035	8356305.431	151962027.1	17.23053123	0.06486799369	0.06486799369	0	51.36023732	0.9241453186
34	MBLG_cg26_Push2_0004	154852	-9.15543444e-05	0.04492777985	-0.03482745164	2.110930794e-05	0.00139684421	0.01914501556	0.04245425622	-0.0244295599	0.00100906651	0.02061489934	0.3363523307	29.17849056	12241954.71	353995633.5	40.008186	-0.1268102193	0.1268102193	0.0004613290982	nan	nan	|	MBLG_cg26_BeforePush_0003	150624	MBLG_cg26_Push2_0004	154852	arc_length	200	0.09386694252	0.583134345	31.81344035	8356305.431	151962027.1	17.5618876	0.0923542983	0.0923542983	0	51.69159369	0.9600245483
34	MBLG_cg26_Push2_0004	154852	-9.15543444e-05	0.04492777985	-0.03482745164	2.110930794e-05	0.00139684421	0.01914501556	0.04245425622	-0.0244295599	0.00100906651	0.02061489934	0.3363523307	29.17849056	12241954.71	353995633.5	40.892345	-0.09066653201	0.09066653201	0.000951079925	nan	nan	|	MBLG_cg26_BeforePush_0003	150624	MBLG_cg26_Push2_0004	154852	arc_length	200	0.09386694252	0.583134345	31.81344035	8356305.431	151962027.1	17.89324397	0.09964643904	0.09964643904	0	52.02295006	0.9965864171
34	MBLG_cg26_Push2_0004	154852	-9.15543444e-05	0.04492777985	-0.03482745164	2.110930794e-05	0.00139684421	0.01914501556	0.04245425622	-0.0244295599	0.00100906651	0.02061489934	0.3363523307	29.17849056	12241954.71	353995633.5	41.629144	-0.04826678554	0.04826678554	0.001556986187	nan	nan	|	MBLG_cg26_BeforePush_0003	150624	MBLG_cg26_Push2_0004	154852	arc_length	200	0.09386694252	0.583134345	31.81344035	8356305.431	151962027.1	18.22460034	0.07192979895	0.07192979895	0	52.35430642	1.03383085
34	MBLG_cg26_Push2_0004	154852	-9.15543444e-05	0.04492777985	-0.03482745164	2.110930794e-05	0.00139684421	0.01914501556	0.04245425622	-0.0244295599	0.00100906651	0.02061489934	0.3363523307	29.17849056	12241954.71	353995633.5	42.439623	-0.1563550687	0.1563550687	0.002472436616	nan	nan	|	MBLG_cg26_BeforePush_0003	150624	MBLG_cg26_Push2_0004	154852	arc_length	200	0.09386694252	0.583134345	31.81344035	8356305.431	151962027.1	18.55595671	0.03506031133	0.03506031133	0	52.68566279	1.07175777
34	MBLG_cg26_Push2_0004	154852	-9.15543444e-05	0.04492777985	-0.03482745164	2.110930794e-05	0.00139684421	0.01914501556	0.04245425622	-0.0244295599	0.00100906651	0.02061489934	0.3363523307	29.17849056	12241954.71	353995633.5	42.881702	-0.1014432038	0.1014432038	0.003096614821	nan	nan	|	MBLG_cg26_BeforePush_0003	150624	MBLG_cg26_Push2_0004	154852	arc_length	200	0.09386694252	0.583134345	31.81344035	8356305.431	151962027.1	18.88731308	-0.001102345219	0.001102345219	0	53.01701916	1.110367092
34	MBLG_cg26_Push2_0004	154852	-9.15543444e-05	0.04492777985	-0.03482745164	2.110930794e-05	0.00139684421	0.01914501556	0.04245425622	-0.0244295599	0.00100906651	0.02061489934	0.3363523307	29.17849056	12241954.71	353995633.5	43.765861	-0.06529951652	0.06529951652	0.004643268342	nan	nan	|	MBLG_cg26_BeforePush_0003	150624	MBLG_cg26_Push2_0004	154852	arc_length	200	0.09386694252	0.583134345	31.81344035	8356305.431	151962027.1	19.21866945	0.1416821291	0.1416821291	0	53.34837553	1.149658729
34	MBLG_cg26_Push2_0004	154852	-9.15543444e-05	0.04492777985	-0.03482745164	2.110930794e-05	0.00139684421	0.01914501556	0.04245425622	-0.0244295599	0.00100906651	0.02061489934	0.3363523307	29.17849056	12241954.71	353995633.5	44.57634	-0.09970779964	0.09970779964	0.006450161508	nan	nan	|	MBLG_cg26_BeforePush_0003	150624	MBLG_cg26_Push2_0004	154852	arc_length	200	0.09386694252	0.583134345	31.81344035	8356305.431	151962027.1	19.55002582	0.1680984924	0.1680984924	0	53.6797319	1.18963259
34	MBLG_cg26_Push2_0004	154852	-9.15543444e-05	0.04492777985	-0.03482745164	2.110930794e-05	0.00139684421	0.01914501556	0.04245425622	-0.0244295599	0.00100906651	0.02061489934	0.3363523307	29.17849056	12241954.71	353995633.5	45.313139	-0.05730905317	0.05730905317	0.008453313331	nan	nan	|	MBLG_cg26_BeforePush_0003	150624	MBLG_cg26_Push2_0004	154852	arc_length	200	0.09386694252	0.583134345	31.81344035	8356305.431	151962027.1	19.88138219	0.09886390541	0.09886390541	0	54.01108827	1.230288575
34	MBLG_cg26_Push2_0004	154852	-9.15543444e-05	0.04492777985	-0.03482745164	2.110930794e-05	0.00139684421	0.01914501556	0.04245425622	-0.0244295599	0.00100906651	0.02061489934	0.3363523307	29.17849056	12241954.71	353995633.5	46.123618	-0.09171733629	0.09171733629	0.01109338744	nan	nan	|	MBLG_cg26_BeforePush_0003	150624	MBLG_cg26_Push2_0004	154852	arc_length	200	0.09386694252	0.583134345	31.81344035	8356305.431	151962027.1	20.21273856	0.04201709752	0.04201709752	0	54.34244464	1.271626584
34	MBLG_cg26_Push2_0004	154852	-9.15543444e-05	0.04492777985	-0.03482745164	2.110930794e-05	0.00139684421	0.01914501556	0.04245425622	-0.0244295599	0.00100906651	0.02061489934	0.3363523307	29.17849056	12241954.71	353995633.5	47.081457	-0.1323816786	0.1323816786	0.01486062815	nan	nan	|	MBLG_cg26_BeforePush_0003	150624	MBLG_cg26_Push2_0004	154852	arc_length	200	0.09386694252	0.583134345	31.81344035	8356305.431	151962027.1	20.54409493	-0.001946991658	0.001946991658	0	54.67380101	1.313646508
34	MBLG_cg26_Push2_0004	154852	-9.15543444e-05	0.04492777985	-0.03482745164	2.110930794e-05	0.00139684421	0.01914501556	0.04245425622	-0.0244295599	0.00100906651	0.02061489934	0.3363523307	29.17849056	12241954.71	353995633.5	47.965616	-0.1699179913	0.1699179913	0.01901883222	nan	nan	|	MBLG_cg26_BeforePush_0003	150624	MBLG_cg26_Push2_0004	154852	arc_length	200	0.09386694252	0.583134345	31.81344035	8356305.431	151962027.1	20.8754513	0.0461535926	0.0461535926	0	55.00515738	1.356348235
34	MBLG_cg26_Push2_0004	154852	-9.15543444e-05	0.04492777985	-0.03482745164	2.110930794e-05	0.00139684421	0.01914501556	0.04245425622	-0.0244295599	0.00100906651	0.02061489934	0.3363523307	29.17849056	12241954.71	353995633.5	48.628735	-0.05071021526	0.05071021526	0.02260115841	nan	nan	|	MBLG_cg26_BeforePush_0003	150624	MBLG_cg26_Push2_0004	154852	arc_length	200	0.09386694252	0.583134345	31.81344035	8356305.431	151962027.1	21.20680767	0.07887905558	0.07887905558	0	55.33651375	1.399731647
34	MBLG_cg26_Push2_0004	154852	-9.15543444e-05	0.04492777985	-0.03482745164	2.110930794e-05	0.00139684421	0.01914501556	0.04245425622	-0.0244295599	0.00100906651	0.02061489934	0.3363523307	29.17849056	12241954.71	353995633.5	49.365534	-0.08199046879	0.08199046879	0.02707954742	nan	nan	|	MBLG_cg26_BeforePush_0003	150624	MBLG_cg26_Push2_0004	154852	arc_length	200	0.09386694252	0.583134345	31.81344035	8356305.431	151962027.1	21.53816404	0.07194612413	0.07194612413	0	55.66787012	1.443796617
34	MBLG_cg26_Push2_0004	154852	-9.15543444e-05	0.04492777985	-0.03482745164	2.110930794e-05	0.00139684421	0.01914501556	0.04245425622	-0.0244295599	0.00100906651	0.02061489934	0.3363523307	29.17849056	12241954.71	353995633.5	50.028653	-0.1101426927	0.1101426927	0.0315842505	nan	nan	|	MBLG_cg26_BeforePush_0003	150624	MBLG_cg26_Push2_0004	154852	arc_length	200	0.09386694252	0.583134345	31.81344035	8356305.431	151962027.1	21.86952041	0.06376535156	0.06376535156	0	55.99922649	1.488543017
34	MBLG_cg26_Push2_0004	154852	-9.15543444e-05	0.04492777985	-0.03482745164	2.110930794e-05	0.00139684421	0.01914501556	0.04245425622	-0.0244295599	0.00100906651	0.02061489934	0.3363523307	29.17849056	12241954.71	353995633.5	50.765452	-0.1414229462	0.1414229462	0.03714615469	nan	nan	|	MBLG_cg26_BeforePush_0003	150624	MBLG_cg26_Push2_0004	154852	arc_length	200	0.09386694252	0.583134345	31.81344035	8356305.431	151962027.1	22.20087678	0.07263549109	0.07263549109	0	56.33058286	1.53397071
34	MBLG_cg26_Push2_0004	154852	-9.15543444e-05	0.04492777985	-0.03482745164	2.110930794e-05	0.00139684421	0.01914501556	0.04245425622	-0.0244295599	0.00100906651	0.02061489934	0.3363523307	29.17849056	12241954.71	353995633.5	51.428571	-0.1695751702	0.1695751702	0.04267880792	nan	nan	|	MBLG_cg26_BeforePush_0003	150624	MBLG_cg26_Push2_0004	154852	arc_length	200	0.09386694252	0.583134345	31.81344035	8356305.431	151962027.1	22.53223314	0.07030495777	0.07030495777	0	56.66193923	1.580079554
34	MBLG_cg26_Push2_0004	154852	-9.15543444e-05	0.04492777985	-0.03482745164	2.110930794e-05	0.00139684421	0.01914501556	0.04245425622	-0.0244295599	0.00100906651	0.02061489934	0.3363523307	29.17849056	12241954.71	353995633.5	52.23905	-0.1303034533	0.1303034533	0.05015462001	nan	nan	|	MBLG_cg26_BeforePush_0003	150624	MBLG_cg26_Push2_0004	154852	arc_length	200	0.09386694252	0.583134345	31.81344035	8356305.431	151962027.1	22.86358951	0.03612580396	0.03612580396	0	56.9932956	1.626869398
34	MBLG_cg26_Push2_0004	154852	-9.15543444e-05	0.04492777985	-0.03482745164	2.110930794e-05	0.00139684421	0.01914501556	0.04245425622	-0.0244295599	0.00100906651	0.02061489934	0.3363523307	29.17849056	12241954.71	353995633.5	52.902169	-0.08477567722	0.08477567722	0.05688338031	nan	nan	|	MBLG_cg26_BeforePush_0003	150624	MBLG_cg26_Push2_0004	154852	arc_length	200	0.09386694252	0.583134345	31.81344035	8356305.431	151962027.1	23.19494588	0.02505557987	0.02505557987	0	57.32465197	1.674340087
34	MBLG_cg26_Push2_0004	154852	-9.15543444e-05	0.04492777985	-0.03482745164	2.110930794e-05	0.00139684421	0.01914501556	0.04245425622	-0.0244295599	0.00100906651	0.02061489934	0.3363523307	29.17849056	12241954.71	353995633.5	53.786328	-0.1223119899	0.1223119899	0.0667558004	nan	nan	|	MBLG_cg26_BeforePush_0003	150624	MBLG_cg26_Push2_0004	154852	arc_length	200	0.09386694252	0.583134345	31.81344035	8356305.431	151962027.1	23.52630225	0.01566025434	0.01566025434	0	57.65600834	1.722491458
34	MBLG_cg26_Push2_0004	154852	-9.15543444e-05	0.04492777985	-0.03482745164	2.110930794e-05	0.00139684421	0.01914501556	0.04245425622	-0.0244295599	0.00100906651	0.02061489934	0.3363523307	29.17849056	12241954.71	353995633.5	54.596807	-0.1567202731	0.1567202731	0.07675367391	nan	nan	|	MBLG_cg26_BeforePush_0003	150624	MBLG_cg26_Push2_0004	154852	arc_length	200	0.09386694252	0.583134345	31.81344035	8356305.431	151962027.1	23.85765862	0.006264928818	0.006264928818	0	57.98736471	1.771323341
34	MBLG_cg26_Push2_0004	154852	-9.15543444e-05	0.04492777985	-0.03482745164	2.110930794e-05	0.00139684421	0.01914501556	0.04245425622	-0.0244295599	0.00100906651	0.02061489934	0.3363523307	29.17849056	12241954.71	353995633.5	55.480966	-0.1942565858	0.1942565858	0.08874711377	nan	nan	|	MBLG_cg26_BeforePush_0003	150624	MBLG_cg26_Push2_0004	154852	arc_length	200	0.09386694252	0.583134345	31.81344035	8356305.431	151962027.1	24.18901499	-0.003130396706	0.003130396706	0	58.31872108	1.82083556
34	MBLG_cg26_Push2_0004	154852	-9.15543444e-05	0.04492777985	-0.03482745164	2.110930794e-05	0.00139684421	0.01914501556	0.04245425622	-0.0244295599	0.00100906651	0.02061489934	0.3363523307	29.17849056	12241954.71	353995633.5	56.144085	-0.2224088097	0.2224088097	0.09851907505	nan	nan	|	MBLG_cg26_BeforePush_0003	150624	MBLG_cg26_Push2_0004	154852	arc_length	200	0.09386694252	0.583134345	31.81344035	8356305.431	151962027.1	24.52037136	-0.01252572223	0.01252572223	0	58.65007745	1.871027928
34	MBLG_cg26_Push2_0004	154852	-9.15543444e-05	0.04492777985	-0.03482745164	2.110930794e-05	0.00139684421	0.01914501556	0.04245425622	-0.0244295599	0.00100906651	0.02061489934	0.3363523307	29.17849056	12241954.71	353995633.5	56.512484	-0.09068891525	0.09068891525	0.104245527	nan	nan	|	MBLG_cg26_BeforePush_0003	150624	MBLG_cg26_Push2_0004	154852	arc_length	200	0.09386694252	0.583134345	31.81344035	8356305.431	151962027.1	24.85172773	-0.02192104776	0.02192104776	0	58.98143382	1.921900254
34	MBLG_cg26_Push2_0004	154852	-9.15543444e-05	0.04492777985	-0.03482745164	2.110930794e-05	0.00139684421	0.01914501556	0.04245425622	-0.0244295599	0.00100906651	0.02061489934	0.3363523307	29.17849056	12241954.71	353995633.5	57.249283	-0.1219691688	0.1219691688	0.1163556389	nan	nan	|	MBLG_cg26_BeforePush_0003	150624	MBLG_cg26_Push2_0004	154852	arc_length	200	0.09386694252	0.583134345	31.81344035	8356305.431	151962027.1	25.1830841	-0.03131637328	0.03131637328	0	59.31279019	1.973452336
34	MBLG_cg26_Push2_0004	154852	-9.15543444e-05	0.04492777985	-0.03482745164	2.110930794e-05	0.00139684421	0.01914501556	0.04245425622	-0.0244295599	0.00100906651	0.02061489934	0.3363523307	29.17849056	12241954.71	353995633.5	57.986082	-0.1532494223	0.1532494223	0.1293690864	nan	nan	|	MBLG_cg26_BeforePush_0003	150624	MBLG_cg26_Push2_0004	154852	arc_length	200	0.09386694252	0.583134345	31.81344035	8356305.431	151962027.1	25.51444047	-0.0407116988	0.0407116988	0	59.64414656	2.025683968
34	MBLG_cg26_Push2_0004	154852	-9.15543444e-05	0.04492777985	-0.03482745164	2.110930794e-05	0.00139684421	0.01914501556	0.04245425622	-0.0244295599	0.00100906651	0.02061489934	0.3363523307	29.17849056	12241954.71	353995633.5	59.017601	-0.1970417942	0.1970417942	0.1491673934	nan	nan	|	MBLG_cg26_BeforePush_0003	150624	MBLG_cg26_Push2_0004	154852	arc_length	200	0.09386694252	0.583134345	31.81344035	8356305.431	151962027.1	25.84579684	0.02413716029	0.02413716029	0	59.97550293	2.078594931
34	MBLG_cg26_Push2_0004	154852	-9.15543444e-05	0.04492777985	-0.03482745164	2.110930794e-05	0.00139684421	0.01914501556	0.04245425622	-0.0244295599	0.00100906651	0.02061489934	0.3363523307	29.17849056	12241954.71	353995633.5	59.82808	-0.2314500773	0.2314500773	0.1660680514	nan	nan	|	MBLG_cg26_BeforePush_0003	150624	MBLG_cg26_Push2_0004	154852	arc_length	200	0.09386694252	0.583134345	31.81344035	8356305.431	151962027.1	26.17715321	0.08838258322	0.08838258322	0	60.3068593	2.132185001
34	MBLG_cg26_Push2_0004	154852	-9.15543444e-05	0.04492777985	-0.03482745164	2.110930794e-05	0.00139684421	0.01914501556	0.04245425622	-0.0244295599	0.00100906651	0.02061489934	0.3363523307	29.17849056	12241954.71	353995633.5	60.564879	-0.1153703309	0.1153703309	0.1824990649	nan	nan	|	MBLG_cg26_BeforePush_0003	150624	MBLG_cg26_Push2_0004	154852	arc_length	200	0.09386694252	0.583134345	31.81344035	8356305.431	151962027.1	26.50850958	0.0789872577	0.0789872577	0	60.63821567	2.186453942
34	MBLG_cg26_Push2_0004	154852	-9.15543444e-05	0.04492777985	-0.03482745164	2.110930794e-05	0.00139684421	0.01914501556	0.04245425622	-0.0244295599	0.00100906651	0.02061489934	0.3363523307	29.17849056	12241954.71	353995633.5	61.449038	-0.1529066436	0.1529066436	0.2036045634	nan	nan	|	MBLG_cg26_BeforePush_0003	150624	MBLG_cg26_Push2_0004	154852	arc_length	200	0.09386694252	0.583134345	31.81344035	8356305.431	151962027.1	26.83986595	0.06967852253	0.06967852253	0	60.96957204	2.241401512
34	MBLG_cg26_Push2_0004	154852	-9.15543444e-05	0.04492777985	-0.03482745164	2.110930794e-05	0.00139684421	0.01914501556	0.04245425622	-0.0244295599	0.00100906651	0.02061489934	0.3363523307	29.17849056	12241954.71	353995633.5	62.554236	-0.1998270027	0.1998270027	0.2321973148	nan	nan	|	MBLG_cg26_BeforePush_0003	150624	MBLG_cg26_Push2_0004	154852	arc_length	200	0.09386694252	0.583134345	31.81344035	8356305.431	151962027.1	27.17122232	0.06211794663	0.06211794663	0	61.30092841	2.297027458
34	MBLG_cg26_Push2_0004	154852	-9.15543444e-05	0.04492777985	-0.03482745164	2.110930794e-05	0.00139684421	0.01914501556	0.04245425622	-0.0244295599	0.00100906651	0.02061489934	0.3363523307	29.17849056	12241954.71	353995633.5	63.880474	-0.2561314505	0.2561314505	0.2698960363	nan	nan	|	MBLG_cg26_BeforePush_0003	150624	MBLG_cg26_Push2_0004	154852	arc_length	200	0.09386694252	0.583134345	31.81344035	8356305.431	151962027.1	27.50257869	0.0253251205	0.0253251205	0	61.63228478	2.353331519
34	MBLG_cg26_Push2_0004	154852	-9.15543444e-05	0.04492777985	-0.03482745164	2.110930794e-05	0.00139684421	0.01914501556	0.04245425622	-0.0244295599	0.00100906651	0.02061489934	0.3363523307	29.17849056	12241954.71	353995633.5	64.838313	-0.2231157928	0.2231157928	0.299521493	nan	nan	|	MBLG_cg26_BeforePush_0003	150624	MBLG_cg26_Push2_0004	154852	arc_length	200	0.09386694252	0.583134345	31.81344035	8356305.431	151962027.1	27.83393506	-0.01385988438	0.01385988438	0	61.96364115	2.410313422
34	MBLG_cg26_Push2_0004	154852	-9.15543444e-05	0.04492777985	-0.03482745164	2.110930794e-05	0.00139684421	0.01914501556	0.04245425622	-0.0244295599	0.00100906651	0.02061489934	0.3363523307	29.17849056	12241954.71	353995633.5	4.420794	0.05778803874	0.05778803874	0	nan	nan	|	MBLG_cg26_BeforePush_0003	150624	MBLG_cg26_Push2_0004	154852	arc_length	200	0.09386694252	0.583134345	31.81344035	8356305.431	151962027.1	28.16529143	-0.05462538672	0.05462538672	0	62.29499752	2.467972886
34	MBLG_cg26_Push2_0004	154852	-9.15543444e-05	0.04492777985	-0.03482745164	2.110930794e-05	0.00139684421	0.01914501556	0.04245425622	-0.0244295599	0.00100906651	0.02061489934	0.3363523307	29.17849056	12241954.71	353995633.5	65.943512	-0.2700361943	0.2700361943	0.3363091201	nan	nan	|	MBLG_cg26_BeforePush_0003	150624	MBLG_cg26_Push2_0004	154852	arc_length	200	0.09386694252	0.583134345	31.81344035	8356305.431	151962027.1	28.4966478	-0.09985697082	0.09985697082	0	62.62635389	2.52630962
34	nan	nan	nan	nan	nan	nan	nan	nan	nan	nan	nan	nan	nan	nan	nan	nan	nan	nan	nan	nan	nan	nan	|	MBLG_cg26_BeforePush_0003	150624	MBLG_cg26_Push2_0004	154852	arc_length	200	0.09386694252	0.583134345	31.81344035	8356305.431	151962027.1	28.82800417	-0.09020365902	0.09020365902	0	62.95771026	2.585323322
34	nan	nan	nan	nan	nan	nan	nan	nan	nan	nan	nan	nan	nan	nan	nan	nan	nan	nan	nan	nan	nan	nan	|	MBLG_cg26_BeforePush_0003	150624	MBLG_cg26_Push2_0004	154852	arc_length	200	0.09386694252	0.583134345	31.81344035	8356305.431	151962027.1	29.15936054	-0.01178890426	0.01178890426	0	63.28906663	2.645013678
34	nan	nan	nan	nan	nan	nan	nan	nan	nan	nan	nan	nan	nan	nan	nan	nan	nan	nan	nan	nan	nan	nan	|	MBLG_cg26_BeforePush_0003	150624	MBLG_cg26_Push2_0004	154852	arc_length	200	0.09386694252	0.583134345	31.81344035	8356305.431	151962027.1	29.49071691	0.04171356965	0.04171356965	0	63.620423	2.705380365
34	nan	nan	nan	nan	nan	nan	nan	nan	nan	nan	nan	nan	nan	nan	nan	nan	nan	nan	nan	nan	nan	nan	|	MBLG_cg26_BeforePush_0003	150624	MBLG_cg26_Push2_0004	154852	arc_length	200	0.09386694252	0.583134345	31.81344035	8356305.431	151962027.1	29.82207328	0.02470605687	0.02470605687	0	63.95177937	2.766423048
34	nan	nan	nan	nan	nan	nan	nan	nan	nan	nan	nan	nan	nan	nan	nan	nan	nan	nan	nan	nan	nan	nan	|	MBLG_cg26_BeforePush_0003	150624	MBLG_cg26_Push2_0004	154852	arc_length	200	0.09386694252	0.583134345	31.81344035	8356305.431	151962027.1	30.15342965	-0.004719977415	0.004719977415	0	64.28313574	2.828141383
34	nan	nan	nan	nan	nan	nan	nan	nan	nan	nan	nan	nan	nan	nan	nan	nan	nan	nan	nan	nan	nan	nan	|	MBLG_cg26_BeforePush_0003	150624	MBLG_cg26_Push2_0004	154852	arc_length	200	0.09386694252	0.583134345	31.81344035	8356305.431	151962027.1	30.48478602	-0.03358722975	0.03358722975	0	64.61449211	2.89053501
34	nan	nan	nan	nan	nan	nan	nan	nan	nan	nan	nan	nan	nan	nan	nan	nan	nan	nan	nan	nan	nan	nan	|	MBLG_cg26_BeforePush_0003	150624	MBLG_cg26_Push2_0004	154852	arc_length	200	0.09386694252	0.583134345	31.81344035	8356305.431	151962027.1	30.81614239	-0.04298255527	0.04298255527	0	64.94584848	2.95360356
34	nan	nan	nan	nan	nan	nan	nan	nan	nan	nan	nan	nan	nan	nan	nan	nan	nan	nan	nan	nan	nan	nan	|	MBLG_cg26_BeforePush_0003	150624	MBLG_cg26_Push2_0004	154852	arc_length	200	0.09386694252	0.583134345	31.81344035	8356305.431	151962027.1	31.14749876	-0.0523778808	0.0523778808	0	65.27720485	3.017346653
34	nan	nan	nan	nan	nan	nan	nan	nan	nan	nan	nan	nan	nan	nan	nan	nan	nan	nan	nan	nan	nan	nan	|	MBLG_cg26_BeforePush_0003	150624	MBLG_cg26_Push2_0004	154852	arc_length	200	0.09386694252	0.583134345	31.81344035	8356305.431	151962027.1	31.47885513	-0.06177320632	0.06177320632	0	65.60856122	3.081763894
34	nan	nan	nan	nan	nan	nan	nan	nan	nan	nan	nan	nan	nan	nan	nan	nan	nan	nan	nan	nan	nan	nan	|	MBLG_cg26_BeforePush_0003	150624	MBLG_cg26_Push2_0004	154852	arc_length	200	0.09386694252	0.583134345	31.81344035	8356305.431	151962027.1	31.8102115	-0.06545814059	0.06545814059	0	65.93991759	3.146854876
34	nan	nan	nan	nan	nan	nan	nan	nan	nan	nan	nan	nan	nan	nan	nan	nan	nan	nan	nan	nan	nan	nan	|	MBLG_cg26_BeforePush_0003	150624	MBLG_cg26_Push2_0004	154852	arc_length	200	0.09386694252	0.583134345	31.81344035	8356305.431	151962027.1	32.14156787	0.03037084139	0.03037084139	0	nan	nan
34	nan	nan	nan	nan	nan	nan	nan	nan	nan	nan	nan	nan	nan	nan	nan	nan	nan	nan	nan	nan	nan	nan	|	MBLG_cg26_BeforePush_0003	150624	MBLG_cg26_Push2_0004	154852	arc_length	200	0.09386694252	0.583134345	31.81344035	8356305.431	151962027.1	32.47292424	0.03640848156	0.03640848156	0	nan	nan
34	nan	nan	nan	nan	nan	nan	nan	nan	nan	nan	nan	nan	nan	nan	nan	nan	nan	nan	nan	nan	nan	nan	|	MBLG_cg26_BeforePush_0003	150624	MBLG_cg26_Push2_0004	154852	arc_length	200	0.09386694252	0.583134345	31.81344035	8356305.431	151962027.1	32.80428061	-0.02101175518	0.02101175518	0	nan	nan
34	nan	nan	nan	nan	nan	nan	nan	nan	nan	nan	nan	nan	nan	nan	nan	nan	nan	nan	nan	nan	nan	nan	|	MBLG_cg26_BeforePush_0003	150624	MBLG_cg26_Push2_0004	154852	arc_length	200	0.09386694252	0.583134345	31.81344035	8356305.431	151962027.1	33.13563698	-0.04478910624	0.04478910624	0	nan	nan
34	nan	nan	nan	nan	nan	nan	nan	nan	nan	nan	nan	nan	nan	nan	nan	nan	nan	nan	nan	nan	nan	nan	|	MBLG_cg26_BeforePush_0003	150624	MBLG_cg26_Push2_0004	154852	arc_length	200	0.09386694252	0.583134345	31.81344035	8356305.431	151962027.1	33.46699335	-0.0350247967	0.0350247967	0	nan	nan
34	nan	nan	nan	nan	nan	nan	nan	nan	nan	nan	nan	nan	nan	nan	nan	nan	nan	nan	nan	nan	nan	nan	|	MBLG_cg26_BeforePush_0003	150624	MBLG_cg26_Push2_0004	154852	arc_length	200	0.09386694252	0.583134345	31.81344035	8356305.431	151962027.1	33.79834972	-0.02339382122	0.02339382122	0	nan	nan
34	nan	nan	nan	nan	nan	nan	nan	nan	nan	nan	nan	nan	nan	nan	nan	nan	nan	nan	nan	nan	nan	nan	|	MBLG_cg26_BeforePush_0003	150624	MBLG_cg26_Push2_0004	154852	arc_length	200	0.09386694252	0.583134345	31.81344035	8356305.431	151962027.1	34.12970609	-0.01043304423	0.01043304423	0	nan	nan
34	nan	nan	nan	nan	nan	nan	nan	nan	nan	nan	nan	nan	nan	nan	nan	nan	nan	nan	nan	nan	nan	nan	|	MBLG_cg26_BeforePush_0003	150624	MBLG_cg26_Push2_0004	154852	arc_length	200	0.09386694252	0.583134345	31.81344035	8356305.431	151962027.1	34.46106246	-0.05045070286	0.05045070286	6.589048146e-07	nan	nan
34	nan	nan	nan	nan	nan	nan	nan	nan	nan	nan	nan	nan	nan	nan	nan	nan	nan	nan	nan	nan	nan	nan	|	MBLG_cg26_BeforePush_0003	150624	MBLG_cg26_Push2_0004	154852	arc_length	200	0.09386694252	0.583134345	31.81344035	8356305.431	151962027.1	34.79241883	-0.1147520664	0.1147520664	5.271238517e-06	nan	nan
34	nan	nan	nan	nan	nan	nan	nan	nan	nan	nan	nan	nan	nan	nan	nan	nan	nan	nan	nan	nan	nan	nan	|	MBLG_cg26_BeforePush_0003	150624	MBLG_cg26_Push2_0004	154852	arc_length	200	0.09386694252	0.583134345	31.81344035	8356305.431	151962027.1	35.1237752	-0.1543298234	0.1543298234	1.779042999e-05	nan	nan
34	nan	nan	nan	nan	nan	nan	nan	nan	nan	nan	nan	nan	nan	nan	nan	nan	nan	nan	nan	nan	nan	nan	|	MBLG_cg26_BeforePush_0003	150624	MBLG_cg26_Push2_0004	154852	arc_length	200	0.09386694252	0.583134345	31.81344035	8356305.431	151962027.1	35.45513157	-0.1574492263	0.1574492263	4.216990813e-05	nan	nan
34	nan	nan	nan	nan	nan	nan	nan	nan	nan	nan	nan	nan	nan	nan	nan	nan	nan	nan	nan	nan	nan	nan	|	MBLG_cg26_BeforePush_0003	150624	MBLG_cg26_Push2_0004	154852	arc_length	200	0.09386694252	0.583134345	31.81344035	8356305.431	151962027.1	35.78648794	-0.1432219807	0.1432219807	8.236310183e-05	nan	nan
34	nan	nan	nan	nan	nan	nan	nan	nan	nan	nan	nan	nan	nan	nan	nan	nan	nan	nan	nan	nan	nan	nan	|	MBLG_cg26_BeforePush_0003	150624	MBLG_cg26_Push2_0004	154852	arc_length	200	0.09386694252	0.583134345	31.81344035	8356305.431	151962027.1	36.11784431	-0.1289947351	0.1289947351	0.00014232344	nan	nan
34	nan	nan	nan	nan	nan	nan	nan	nan	nan	nan	nan	nan	nan	nan	nan	nan	nan	nan	nan	nan	nan	nan	|	MBLG_cg26_BeforePush_0003	150624	MBLG_cg26_Push2_0004	154852	arc_length	200	0.09386694252	0.583134345	31.81344035	8356305.431	151962027.1	36.44920068	-0.1275133379	0.1275133379	0.0002260043514	nan	nan
34	nan	nan	nan	nan	nan	nan	nan	nan	nan	nan	nan	nan	nan	nan	nan	nan	nan	nan	nan	nan	nan	nan	|	MBLG_cg26_BeforePush_0003	150624	MBLG_cg26_Push2_0004	154852	arc_length	200	0.09386694252	0.583134345	31.81344035	8356305.431	151962027.1	36.78055705	-0.1369086634	0.1369086634	0.0003373592651	nan	nan
34	nan	nan	nan	nan	nan	nan	nan	nan	nan	nan	nan	nan	nan	nan	nan	nan	nan	nan	nan	nan	nan	nan	|	MBLG_cg26_BeforePush_0003	150624	MBLG_cg26_Push2_0004	154852	arc_length	200	0.09386694252	0.583134345	31.81344035	8356305.431	151962027.1	37.11191342	-0.1463039889	0.1463039889	0.0004803416098	nan	nan
34	nan	nan	nan	nan	nan	nan	nan	nan	nan	nan	nan	nan	nan	nan	nan	nan	nan	nan	nan	nan	nan	nan	|	MBLG_cg26_BeforePush_0003	150624	MBLG_cg26_Push2_0004	154852	arc_length	200	0.09386694252	0.583134345	31.81344035	8356305.431	151962027.1	37.44326978	-0.1587715043	0.1587715043	0.0006589048146	nan	nan
34	nan	nan	nan	nan	nan	nan	nan	nan	nan	nan	nan	nan	nan	nan	nan	nan	nan	nan	nan	nan	nan	nan	|	MBLG_cg26_BeforePush_0003	150624	MBLG_cg26_Push2_0004	154852	arc_length	200	0.09386694252	0.583134345	31.81344035	8356305.431	151962027.1	37.77462615	-0.1459463462	0.1459463462	0.0008770023082	nan	nan
34	nan	nan	nan	nan	nan	nan	nan	nan	nan	nan	nan	nan	nan	nan	nan	nan	nan	nan	nan	nan	nan	nan	|	MBLG_cg26_BeforePush_0003	150624	MBLG_cg26_Push2_0004	154852	arc_length	200	0.09386694252	0.583134345	31.81344035	8356305.431	151962027.1	38.10598252	-0.1211892134	0.1211892134	0.00113858752	nan	nan
34	nan	nan	nan	nan	nan	nan	nan	nan	nan	nan	nan	nan	nan	nan	nan	nan	nan	nan	nan	nan	nan	nan	|	MBLG_cg26_BeforePush_0003	150624	MBLG_cg26_Push2_0004	154852	arc_length	200	0.09386694252	0.583134345	31.81344035	8356305.431	151962027.1	38.43733889	-0.111953062	0.111953062	0.001447613878	nan	nan
34	nan	nan	nan	nan	nan	nan	nan	nan	nan	nan	nan	nan	nan	nan	nan	nan	nan	nan	nan	nan	nan	nan	|	MBLG_cg26_BeforePush_0003	150624	MBLG_cg26_Push2_0004	154852	arc_length	200	0.09386694252	0.583134345	31.81344035	8356305.431	151962027.1	38.76869526	-0.1196006166	0.1196006166	0.001808034811	nan	nan
34	nan	nan	nan	nan	nan	nan	nan	nan	nan	nan	nan	nan	nan	nan	nan	nan	nan	nan	nan	nan	nan	nan	|	MBLG_cg26_BeforePush_0003	150624	MBLG_cg26_Push2_0004	154852	arc_length	200	0.09386694252	0.583134345	31.81344035	8356305.431	151962027.1	39.10005163	-0.09784031113	0.09784031113	0.002223803749	nan	nan
34	nan	nan	nan	nan	nan	nan	nan	nan	nan	nan	nan	nan	nan	nan	nan	nan	nan	nan	nan	nan	nan	nan	|	MBLG_cg26_BeforePush_0003	150624	MBLG_cg26_Push2_0004	154852	arc_length	200	0.09386694252	0.583134345	31.81344035	8356305.431	151962027.1	39.431408	-0.06607984107	0.06607984107	0.002698874121	nan	nan
34	nan	nan	nan	nan	nan	nan	nan	nan	nan	nan	nan	nan	nan	nan	nan	nan	nan	nan	nan	nan	nan	nan	|	MBLG_cg26_BeforePush_0003	150624	MBLG_cg26_Push2_0004	154852	arc_length	200	0.09386694252	0.583134345	31.81344035	8356305.431	151962027.1	39.76276437	-0.07400615194	0.07400615194	0.003237199354	nan	nan
34	nan	nan	nan	nan	nan	nan	nan	nan	nan	nan	nan	nan	nan	nan	nan	nan	nan	nan	nan	nan	nan	nan	|	MBLG_cg26_BeforePush_0003	150624	MBLG_cg26_Push2_0004	154852	arc_length	200	0.09386694252	0.583134345	31.81344035	8356305.431	151962027.1	40.09412074	-0.08340147747	0.08340147747	0.003842732879	nan	nan
34	nan	nan	nan	nan	nan	nan	nan	nan	nan	nan	nan	nan	nan	nan	nan	nan	nan	nan	nan	nan	nan	nan	|	MBLG_cg26_BeforePush_0003	150624	MBLG_cg26_Push2_0004	154852	arc_length	200	0.09386694252	0.583134345	31.81344035	8356305.431	151962027.1	40.42547711	-0.08464513928	0.08464513928	0.004519428123	nan	nan
34	nan	nan	nan	nan	nan	nan	nan	nan	nan	nan	nan	nan	nan	nan	nan	nan	nan	nan	nan	nan	nan	nan	|	MBLG_cg26_BeforePush_0003	150624	MBLG_cg26_Push2_0004	154852	arc_length	200	0.09386694252	0.583134345	31.81344035	8356305.431	151962027.1	40.75683348	-0.06650139511	0.06650139511	0.005271238517	nan	nan
34	nan	nan	nan	nan	nan	nan	nan	nan	nan	nan	nan	nan	nan	nan	nan	nan	nan	nan	nan	nan	nan	nan	|	MBLG_cg26_BeforePush_0003	150624	MBLG_cg26_Push2_0004	154852	arc_length	200	0.09386694252	0.583134345	31.81344035	8356305.431	151962027.1	41.08818985	-0.04532921866	0.04532921866	0.006102117488	nan	nan
34	nan	nan	nan	nan	nan	nan	nan	nan	nan	nan	nan	nan	nan	nan	nan	nan	nan	nan	nan	nan	nan	nan	|	MBLG_cg26_BeforePush_0003	150624	MBLG_cg26_Push2_0004	154852	arc_length	200	0.09386694252	0.583134345	31.81344035	8356305.431	151962027.1	41.41954622	-0.04296420029	0.04296420029	0.007016018466	nan	nan
34	nan	nan	nan	nan	nan	nan	nan	nan	nan	nan	nan	nan	nan	nan	nan	nan	nan	nan	nan	nan	nan	nan	|	MBLG_cg26_BeforePush_0003	150624	MBLG_cg26_Push2_0004	154852	arc_length	200	0.09386694252	0.583134345	31.81344035	8356305.431	151962027.1	41.75090259	-0.05739233714	0.05739233714	0.008016894879	nan	nan
34	nan	nan	nan	nan	nan	nan	nan	nan	nan	nan	nan	nan	nan	nan	nan	nan	nan	nan	nan	nan	nan	nan	|	MBLG_cg26_BeforePush_0003	150624	MBLG_cg26_Push2_0004	154852	arc_length	200	0.09386694252	0.583134345	31.81344035	8356305.431	151962027.1	42.08225896	-0.07580390784	0.07580390784	0.009108700157	nan	nan
34	nan	nan	nan	nan	nan	nan	nan	nan	nan	nan	nan	nan	nan	nan	nan	nan	nan	nan	nan	nan	nan	nan	|	MBLG_cg26_BeforePush_0003	150624	MBLG_cg26_Push2_0004	154852	arc_length	200	0.09386694252	0.583134345	31.81344035	8356305.431	151962027.1	42.41361533	-0.1148334818	0.1148334818	0.01029538773	nan	nan
34	nan	nan	nan	nan	nan	nan	nan	nan	nan	nan	nan	nan	nan	nan	nan	nan	nan	nan	nan	nan	nan	nan	|	MBLG_cg26_BeforePush_0003	150624	MBLG_cg26_Push2_0004	154852	arc_length	200	0.09386694252	0.583134345	31.81344035	8356305.431	151962027.1	42.7449717	-0.1641001342	0.1641001342	0.01158091102	nan	nan
34	nan	nan	nan	nan	nan	nan	nan	nan	nan	nan	nan	nan	nan	nan	nan	nan	nan	nan	nan	nan	nan	nan	|	MBLG_cg26_BeforePush_0003	150624	MBLG_cg26_Push2_0004	154852	arc_length	200	0.09386694252	0.583134345	31.81344035	8356305.431	151962027.1	43.07632807	-0.1625097161	0.1625097161	0.01296922347	nan	nan
34	nan	nan	nan	nan	nan	nan	nan	nan	nan	nan	nan	nan	nan	nan	nan	nan	nan	nan	nan	nan	nan	nan	|	MBLG_cg26_BeforePush_0003	150624	MBLG_cg26_Push2_0004	154852	arc_length	200	0.09386694252	0.583134345	31.81344035	8356305.431	151962027.1	43.40768444	-0.1509602919	0.1509602919	0.01446427849	nan	nan
34	nan	nan	nan	nan	nan	nan	nan	nan	nan	nan	nan	nan	nan	nan	nan	nan	nan	nan	nan	nan	nan	nan	|	MBLG_cg26_BeforePush_0003	150624	MBLG_cg26_Push2_0004	154852	arc_length	200	0.09386694252	0.583134345	31.81344035	8356305.431	151962027.1	43.73904081	-0.1041422423	0.1041422423	0.01607002952	nan	nan
34	nan	nan	nan	nan	nan	nan	nan	nan	nan	nan	nan	nan	nan	nan	nan	nan	nan	nan	nan	nan	nan	nan	|	MBLG_cg26_BeforePush_0003	150624	MBLG_cg26_Push2_0004	154852	arc_length	200	0.09386694252	0.583134345	31.81344035	8356305.431	151962027.1	44.07039718	-0.0546109489	0.0546109489	0.01779042999	nan	nan
34	nan	nan	nan	nan	nan	nan	nan	nan	nan	nan	nan	nan	nan	nan	nan	nan	nan	nan	nan	nan	nan	nan	|	MBLG_cg26_BeforePush_0003	150624	MBLG_cg26_Push2_0004	154852	arc_length	200	0.09386694252	0.583134345	31.81344035	8356305.431	151962027.1	44.40175355	-0.05772392248	0.05772392248	0.01962943333	nan	nan
34	nan	nan	nan	nan	nan	nan	nan	nan	nan	nan	nan	nan	nan	nan	nan	nan	nan	nan	nan	nan	nan	nan	|	MBLG_cg26_BeforePush_0003	150624	MBLG_cg26_Push2_0004	154852	arc_length	200	0.09386694252	0.583134345	31.81344035	8356305.431	151962027.1	44.73310992	-0.06031320823	0.06031320823	0.02159099296	nan	nan
34	nan	nan	nan	nan	nan	nan	nan	nan	nan	nan	nan	nan	nan	nan	nan	nan	nan	nan	nan	nan	nan	nan	|	MBLG_cg26_BeforePush_0003	150624	MBLG_cg26_Push2_0004	154852	arc_length	200	0.09386694252	0.583134345	31.81344035	8356305.431	151962027.1	45.06446629	-0.09859854349	0.09859854349	0.02367906232	nan	nan
34	nan	nan	nan	nan	nan	nan	nan	nan	nan	nan	nan	nan	nan	nan	nan	nan	nan	nan	nan	nan	nan	nan	|	MBLG_cg26_BeforePush_0003	150624	MBLG_cg26_Push2_0004	154852	arc_length	200	0.09386694252	0.583134345	31.81344035	8356305.431	151962027.1	45.39582266	-0.131127419	0.131127419	0.02589759483	nan	nan
34	nan	nan	nan	nan	nan	nan	nan	nan	nan	nan	nan	nan	nan	nan	nan	nan	nan	nan	nan	nan	nan	nan	|	MBLG_cg26_BeforePush_0003	150624	MBLG_cg26_Push2_0004	154852	arc_length	200	0.09386694252	0.583134345	31.81344035	8356305.431	151962027.1	45.72717903	-0.1638907633	0.1638907633	0.02825054393	nan	nan
34	nan	nan	nan	nan	nan	nan	nan	nan	nan	nan	nan	nan	nan	nan	nan	nan	nan	nan	nan	nan	nan	nan	|	MBLG_cg26_BeforePush_0003	150624	MBLG_cg26_Push2_0004	154852	arc_length	200	0.09386694252	0.583134345	31.81344035	8356305.431	151962027.1	46.0585354	-0.1782610087	0.1782610087	0.03074186303	nan	nan
34	nan	nan	nan	nan	nan	nan	nan	nan	nan	nan	nan	nan	nan	nan	nan	nan	nan	nan	nan	nan	nan	nan	|	MBLG_cg26_BeforePush_0003	150624	MBLG_cg26_Push2_0004	154852	arc_length	200	0.09386694252	0.583134345	31.81344035	8356305.431	151962027.1	46.38989177	-0.1847840616	0.1847840616	0.03337550557	nan	nan
34	nan	nan	nan	nan	nan	nan	nan	nan	nan	nan	nan	nan	nan	nan	nan	nan	nan	nan	nan	nan	nan	nan	|	MBLG_cg26_BeforePush_0003	150624	MBLG_cg26_Push2_0004	154852	arc_length	200	0.09386694252	0.583134345	31.81344035	8356305.431	151962027.1	46.72124814	-0.218110584	0.218110584	0.03615542499	nan	nan
34	nan	nan	nan	nan	nan	nan	nan	nan	nan	nan	nan	nan	nan	nan	nan	nan	nan	nan	nan	nan	nan	nan	|	MBLG_cg26_BeforePush_0003	150624	MBLG_cg26_Push2_0004	154852	arc_length	200	0.09386694252	0.583134345	31.81344035	8356305.431	151962027.1	47.05260451	-0.2562770906	0.2562770906	0.0390855747	nan	nan
34	nan	nan	nan	nan	nan	nan	nan	nan	nan	nan	nan	nan	nan	nan	nan	nan	nan	nan	nan	nan	nan	nan	|	MBLG_cg26_BeforePush_0003	150624	MBLG_cg26_Push2_0004	154852	arc_length	200	0.09386694252	0.583134345	31.81344035	8356305.431	151962027.1	47.38396088	-0.2874690924	0.2874690924	0.04216990813	nan	nan
34	nan	nan	nan	nan	nan	nan	nan	nan	nan	nan	nan	nan	nan	nan	nan	nan	nan	nan	nan	nan	nan	nan	|	MBLG_cg26_BeforePush_0003	150624	MBLG_cg26_Push2_0004	154852	arc_length	200	0.09386694252	0.583134345	31.81344035	8356305.431	151962027.1	47.71531725	-0.2989636069	0.2989636069	0.04541237873	nan	nan
34	nan	nan	nan	nan	nan	nan	nan	nan	nan	nan	nan	nan	nan	nan	nan	nan	nan	nan	nan	nan	nan	nan	|	MBLG_cg26_BeforePush_0003	150624	MBLG_cg26_Push2_0004	154852	arc_length	200	0.09386694252	0.583134345	31.81344035	8356305.431	151962027.1	48.04667362	-0.3083589325	0.3083589325	0.0488169399	nan	nan
34	nan	nan	nan	nan	nan	nan	nan	nan	nan	nan	nan	nan	nan	nan	nan	nan	nan	nan	nan	nan	nan	nan	|	MBLG_cg26_BeforePush_0003	150624	MBLG_cg26_Push2_0004	154852	arc_length	200	0.09386694252	0.583134345	31.81344035	8356305.431	151962027.1	48.37802999	-0.3024656427	0.3024656427	0.05238754509	nan	nan
34	nan	nan	nan	nan	nan	nan	nan	nan	nan	nan	nan	nan	nan	nan	nan	nan	nan	nan	nan	nan	nan	nan	|	MBLG_cg26_BeforePush_0003	150624	MBLG_cg26_Push2_0004	154852	arc_length	200	0.09386694252	0.583134345	31.81344035	8356305.431	151962027.1	48.70938636	-0.2397847455	0.2397847455	0.05612814773	nan	nan
34	nan	nan	nan	nan	nan	nan	nan	nan	nan	nan	nan	nan	nan	nan	nan	nan	nan	nan	nan	nan	nan	nan	|	MBLG_cg26_BeforePush_0003	150624	MBLG_cg26_Push2_0004	154852	arc_length	200	0.09386694252	0.583134345	31.81344035	8356305.431	151962027.1	49.04074273	-0.1887854982	0.1887854982	0.06004270123	nan	nan
34	nan	nan	nan	nan	nan	nan	nan	nan	nan	nan	nan	nan	nan	nan	nan	nan	nan	nan	nan	nan	nan	nan	|	MBLG_cg26_BeforePush_0003	150624	MBLG_cg26_Push2_0004	154852	arc_length	200	0.09386694252	0.583134345	31.81344035	8356305.431	151962027.1	49.3720991	-0.1981808238	0.1981808238	0.06413515903	nan	nan
34	nan	nan	nan	nan	nan	nan	nan	nan	nan	nan	nan	nan	nan	nan	nan	nan	nan	nan	nan	nan	nan	nan	|	MBLG_cg26_BeforePush_0003	150624	MBLG_cg26_Push2_0004	154852	arc_length	200	0.09386694252	0.583134345	31.81344035	8356305.431	151962027.1	49.70345547	-0.2075761493	0.2075761493	0.06840947457	nan	nan
34	nan	nan	nan	nan	nan	nan	nan	nan	nan	nan	nan	nan	nan	nan	nan	nan	nan	nan	nan	nan	nan	nan	|	MBLG_cg26_BeforePush_0003	150624	MBLG_cg26_Push2_0004	154852	arc_length	200	0.09386694252	0.583134345	31.81344035	8356305.431	151962027.1	50.03481184	-0.2169714748	0.2169714748	0.07286960126	nan	nan
34	nan	nan	nan	nan	nan	nan	nan	nan	nan	nan	nan	nan	nan	nan	nan	nan	nan	nan	nan	nan	nan	nan	|	MBLG_cg26_BeforePush_0003	150624	MBLG_cg26_Push2_0004	154852	arc_length	200	0.09386694252	0.583134345	31.81344035	8356305.431	151962027.1	50.36616821	-0.2263668003	0.2263668003	0.07751949253	nan	nan
34	nan	nan	nan	nan	nan	nan	nan	nan	nan	nan	nan	nan	nan	nan	nan	nan	nan	nan	nan	nan	nan	nan	|	MBLG_cg26_BeforePush_0003	150624	MBLG_cg26_Push2_0004	154852	arc_length	200	0.09386694252	0.583134345	31.81344035	8356305.431	151962027.1	50.69752458	-0.2357621259	0.2357621259	0.08236310183	nan	nan
34	nan	nan	nan	nan	nan	nan	nan	nan	nan	nan	nan	nan	nan	nan	nan	nan	nan	nan	nan	nan	nan	nan	|	MBLG_cg26_BeforePush_0003	150624	MBLG_cg26_Push2_0004	154852	arc_length	200	0.09386694252	0.583134345	31.81344035	8356305.431	151962027.1	51.02888095	-0.2437170139	0.2437170139	0.08740438256	nan	nan
34	nan	nan	nan	nan	nan	nan	nan	nan	nan	nan	nan	nan	nan	nan	nan	nan	nan	nan	nan	nan	nan	nan	|	MBLG_cg26_BeforePush_0003	150624	MBLG_cg26_Push2_0004	154852	arc_length	200	0.09386694252	0.583134345	31.81344035	8356305.431	151962027.1	51.36023732	-0.2591978454	0.2591978454	0.09264728817	nan	nan
34	nan	nan	nan	nan	nan	nan	nan	nan	nan	nan	nan	nan	nan	nan	nan	nan	nan	nan	nan	nan	nan	nan	|	MBLG_cg26_BeforePush_0003	150624	MBLG_cg26_Push2_0004	154852	arc_length	200	0.09386694252	0.583134345	31.81344035	8356305.431	151962027.1	51.69159369	-0.2984699005	0.2984699005	0.09809577208	nan	nan
34	nan	nan	nan	nan	nan	nan	nan	nan	nan	nan	nan	nan	nan	nan	nan	nan	nan	nan	nan	nan	nan	nan	|	MBLG_cg26_BeforePush_0003	150624	MBLG_cg26_Push2_0004	154852	arc_length	200	0.09386694252	0.583134345	31.81344035	8356305.431	151962027.1	52.02295006	-0.32156948	0.32156948	0.1037537877	nan	nan
34	nan	nan	nan	nan	nan	nan	nan	nan	nan	nan	nan	nan	nan	nan	nan	nan	nan	nan	nan	nan	nan	nan	|	MBLG_cg26_BeforePush_0003	150624	MBLG_cg26_Push2_0004	154852	arc_length	200	0.09386694252	0.583134345	31.81344035	8356305.431	151962027.1	52.35430642	-0.3050004094	0.3050004094	0.1096252885	nan	nan
34	nan	nan	nan	nan	nan	nan	nan	nan	nan	nan	nan	nan	nan	nan	nan	nan	nan	nan	nan	nan	nan	nan	|	MBLG_cg26_BeforePush_0003	150624	MBLG_cg26_Push2_0004	154852	arc_length	200	0.09386694252	0.583134345	31.81344035	8356305.431	151962027.1	52.68566279	-0.2826749288	0.2826749288	0.1157142279	nan	nan
34	nan	nan	nan	nan	nan	nan	nan	nan	nan	nan	nan	nan	nan	nan	nan	nan	nan	nan	nan	nan	nan	nan	|	MBLG_cg26_BeforePush_0003	150624	MBLG_cg26_Push2_0004	154852	arc_length	200	0.09386694252	0.583134345	31.81344035	8356305.431	151962027.1	53.01701916	-0.255435258	0.255435258	0.1220245593	nan	nan
34	nan	nan	nan	nan	nan	nan	nan	nan	nan	nan	nan	nan	nan	nan	nan	nan	nan	nan	nan	nan	nan	nan	|	MBLG_cg26_BeforePush_0003	150624	MBLG_cg26_Push2_0004	154852	arc_length	200	0.09386694252	0.583134345	31.81344035	8356305.431	151962027.1	53.34837553	-0.2400294876	0.2400294876	0.1285602362	nan	nan
34	nan	nan	nan	nan	nan	nan	nan	nan	nan	nan	nan	nan	nan	nan	nan	nan	nan	nan	nan	nan	nan	nan	|	MBLG_cg26_BeforePush_0003	150624	MBLG_cg26_Push2_0004	154852	arc_length	200	0.09386694252	0.583134345	31.81344035	8356305.431	151962027.1	53.6797319	-0.2295921419	0.2295921419	0.1353252119	nan	nan
34	nan	nan	nan	nan	nan	nan	nan	nan	nan	nan	nan	nan	nan	nan	nan	nan	nan	nan	nan	nan	nan	nan	|	MBLG_cg26_BeforePush_0003	150624	MBLG_cg26_Push2_0004	154852	arc_length	200	0.09386694252	0.583134345	31.81344035	8356305.431	151962027.1	54.01108827	-0.1974725596	0.1974725596	0.14232344	nan	nan
34	nan	nan	nan	nan	nan	nan	nan	nan	nan	nan	nan	nan	nan	nan	nan	nan	nan	nan	nan	nan	nan	nan	|	MBLG_cg26_BeforePush_0003	150624	MBLG_cg26_Push2_0004	154852	arc_length	200	0.09386694252	0.583134345	31.81344035	8356305.431	151962027.1	54.34244464	-0.2155223786	0.2155223786	0.1495588737	nan	nan
34	nan	nan	nan	nan	nan	nan	nan	nan	nan	nan	nan	nan	nan	nan	nan	nan	nan	nan	nan	nan	nan	nan	|	MBLG_cg26_BeforePush_0003	150624	MBLG_cg26_Push2_0004	154852	arc_length	200	0.09386694252	0.583134345	31.81344035	8356305.431	151962027.1	54.67380101	-0.273712785	0.273712785	0.1570354667	nan	nan
34	nan	nan	nan	nan	nan	nan	nan	nan	nan	nan	nan	nan	nan	nan	nan	nan	nan	nan	nan	nan	nan	nan	|	MBLG_cg26_BeforePush_0003	150624	MBLG_cg26_Push2_0004	154852	arc_length	200	0.09386694252	0.583134345	31.81344035	8356305.431	151962027.1	55.00515738	-0.3462609624	0.3462609624	0.1647571722	nan	nan
34	nan	nan	nan	nan	nan	nan	nan	nan	nan	nan	nan	nan	nan	nan	nan	nan	nan	nan	nan	nan	nan	nan	|	MBLG_cg26_BeforePush_0003	150624	MBLG_cg26_Push2_0004	154852	arc_length	200	0.09386694252	0.583134345	31.81344035	8356305.431	151962027.1	55.33651375	-0.3667286781	0.3667286781	0.1727279437	nan	nan
34	nan	nan	nan	nan	nan	nan	nan	nan	nan	nan	nan	nan	nan	nan	nan	nan	nan	nan	nan	nan	nan	nan	|	MBLG_cg26_BeforePush_0003	150624	MBLG_cg26_Push2_0004	154852	arc_length	200	0.09386694252	0.583134345	31.81344035	8356305.431	151962027.1	55.66787012	-0.3765407838	0.3765407838	0.1809517347	nan	nan
34	nan	nan	nan	nan	nan	nan	nan	nan	nan	nan	nan	nan	nan	nan	nan	nan	nan	nan	nan	nan	nan	nan	|	MBLG_cg26_BeforePush_0003	150624	MBLG_cg26_Push2_0004	154852	arc_length	200	0.09386694252	0.583134345	31.81344035	8356305.431	151962027.1	55.99922649	-0.3859361093	0.3859361093	0.1894324986	nan	nan
34	nan	nan	nan	nan	nan	nan	nan	nan	nan	nan	nan	nan	nan	nan	nan	nan	nan	nan	nan	nan	nan	nan	|	MBLG_cg26_BeforePush_0003	150624	MBLG_cg26_Push2_0004	154852	arc_length	200	0.09386694252	0.583134345	31.81344035	8356305.431	151962027.1	56.33058286	-0.3953314348	0.3953314348	0.1981741888	nan	nan
34	nan	nan	nan	nan	nan	nan	nan	nan	nan	nan	nan	nan	nan	nan	nan	nan	nan	nan	nan	nan	nan	nan	|	MBLG_cg26_BeforePush_0003	150624	MBLG_cg26_Push2_0004	154852	arc_length	200	0.09386694252	0.583134345	31.81344035	8356305.431	151962027.1	56.66193923	-0.3479420494	0.3479420494	0.2071807587	nan	nan
34	nan	nan	nan	nan	nan	nan	nan	nan	nan	nan	nan	nan	nan	nan	nan	nan	nan	nan	nan	nan	nan	nan	|	MBLG_cg26_BeforePush_0003	150624	MBLG_cg26_Push2_0004	154852	arc_length	200	0.09386694252	0.583134345	31.81344035	8356305.431	151962027.1	56.9932956	-0.2660166708	0.2660166708	0.2164561617	nan	nan
34	nan	nan	nan	nan	nan	nan	nan	nan	nan	nan	nan	nan	nan	nan	nan	nan	nan	nan	nan	nan	nan	nan	|	MBLG_cg26_BeforePush_0003	150624	MBLG_cg26_Push2_0004	154852	arc_length	200	0.09386694252	0.583134345	31.81344035	8356305.431	151962027.1	57.32465197	-0.2754119963	0.2754119963	0.2260043514	nan	nan
34	nan	nan	nan	nan	nan	nan	nan	nan	nan	nan	nan	nan	nan	nan	nan	nan	nan	nan	nan	nan	nan	nan	|	MBLG_cg26_BeforePush_0003	150624	MBLG_cg26_Push2_0004	154852	arc_length	200	0.09386694252	0.583134345	31.81344035	8356305.431	151962027.1	57.65600834	-0.2848073218	0.2848073218	0.2358292811	nan	nan
34	nan	nan	nan	nan	nan	nan	nan	nan	nan	nan	nan	nan	nan	nan	nan	nan	nan	nan	nan	nan	nan	nan	|	MBLG_cg26_BeforePush_0003	150624	MBLG_cg26_Push2_0004	154852	arc_length	200	0.09386694252	0.583134345	31.81344035	8356305.431	151962027.1	57.98736471	-0.2942026473	0.2942026473	0.2459349042	nan	nan
34	nan	nan	nan	nan	nan	nan	nan	nan	nan	nan	nan	nan	nan	nan	nan	nan	nan	nan	nan	nan	nan	nan	|	MBLG_cg26_BeforePush_0003	150624	MBLG_cg26_Push2_0004	154852	arc_length	200	0.09386694252	0.583134345	31.81344035	8356305.431	151962027.1	58.31872108	-0.3035979729	0.3035979729	0.2563251743	nan	nan
34	nan	nan	nan	nan	nan	nan	nan	nan	nan	nan	nan	nan	nan	nan	nan	nan	nan	nan	nan	nan	nan	nan	|	MBLG_cg26_BeforePush_0003	150624	MBLG_cg26_Push2_0004	154852	arc_length	200	0.09386694252	0.583134345	31.81344035	8356305.431	151962027.1	58.65007745	-0.3129932984	0.3129932984	0.2670040446	nan	nan
34	nan	nan	nan	nan	nan	nan	nan	nan	nan	nan	nan	nan	nan	nan	nan	nan	nan	nan	nan	nan	nan	nan	|	MBLG_cg26_BeforePush_0003	150624	MBLG_cg26_Push2_0004	154852	arc_length	200	0.09386694252	0.583134345	31.81344035	8356305.431	151962027.1	58.98143382	-0.3223886239	0.3223886239	0.2779754687	nan	nan
34	nan	nan	nan	nan	nan	nan	nan	nan	nan	nan	nan	nan	nan	nan	nan	nan	nan	nan	nan	nan	nan	nan	|	MBLG_cg26_BeforePush_0003	150624	MBLG_cg26_Push2_0004	154852	arc_length	200	0.09386694252	0.583134345	31.81344035	8356305.431	151962027.1	59.31279019	-0.3317839494	0.3317839494	0.2892433999	nan	nan
34	nan	nan	nan	nan	nan	nan	nan	nan	nan	nan	nan	nan	nan	nan	nan	nan	nan	nan	nan	nan	nan	nan	|	MBLG_cg26_BeforePush_0003	150624	MBLG_cg26_Push2_0004	154852	arc_length	200	0.09386694252	0.583134345	31.81344035	8356305.431	151962027.1	59.64414656	-0.341179275	0.341179275	0.3008117917	nan	nan
34	nan	nan	nan	nan	nan	nan	nan	nan	nan	nan	nan	nan	nan	nan	nan	nan	nan	nan	nan	nan	nan	nan	|	MBLG_cg26_BeforePush_0003	150624	MBLG_cg26_Push2_0004	154852	arc_length	200	0.09386694252	0.583134345	31.81344035	8356305.431	151962027.1	59.97550293	-0.3505746005	0.3505746005	0.3126845976	nan	nan
34	nan	nan	nan	nan	nan	nan	nan	nan	nan	nan	nan	nan	nan	nan	nan	nan	nan	nan	nan	nan	nan	nan	|	MBLG_cg26_BeforePush_0003	150624	MBLG_cg26_Push2_0004	154852	arc_length	200	0.09386694252	0.583134345	31.81344035	8356305.431	151962027.1	60.3068593	-0.3433240837	0.3433240837	0.3248657709	nan	nan
34	nan	nan	nan	nan	nan	nan	nan	nan	nan	nan	nan	nan	nan	nan	nan	nan	nan	nan	nan	nan	nan	nan	|	MBLG_cg26_BeforePush_0003	150624	MBLG_cg26_Push2_0004	154852	arc_length	200	0.09386694252	0.583134345	31.81344035	8356305.431	151962027.1	60.63821567	-0.2875786701	0.2875786701	0.3373592651	nan	nan
34	nan	nan	nan	nan	nan	nan	nan	nan	nan	nan	nan	nan	nan	nan	nan	nan	nan	nan	nan	nan	nan	nan	|	MBLG_cg26_BeforePush_0003	150624	MBLG_cg26_Push2_0004	154852	arc_length	200	0.09386694252	0.583134345	31.81344035	8356305.431	151962027.1	60.96957204	-0.2304702177	0.2304702177	0.3501690336	nan	nan
34	nan	nan	nan	nan	nan	nan	nan	nan	nan	nan	nan	nan	nan	nan	nan	nan	nan	nan	nan	nan	nan	nan	|	MBLG_cg26_BeforePush_0003	150624	MBLG_cg26_Push2_0004	154852	arc_length	200	0.09386694252	0.583134345	31.81344035	8356305.431	151962027.1	61.30092841	-0.2415556378	0.2415556378	0.3632990298	nan	nan
34	nan	nan	nan	nan	nan	nan	nan	nan	nan	nan	nan	nan	nan	nan	nan	nan	nan	nan	nan	nan	nan	nan	|	MBLG_cg26_BeforePush_0003	150624	MBLG_cg26_Push2_0004	154852	arc_length	200	0.09386694252	0.583134345	31.81344035	8356305.431	151962027.1	61.63228478	-0.2792333251	0.2792333251	0.3767532072	nan	nan
34	nan	nan	nan	nan	nan	nan	nan	nan	nan	nan	nan	nan	nan	nan	nan	nan	nan	nan	nan	nan	nan	nan	|	MBLG_cg26_BeforePush_0003	150624	MBLG_cg26_Push2_0004	154852	arc_length	200	0.09386694252	0.583134345	31.81344035	8356305.431	151962027.1	61.96364115	-0.3274031249	0.3274031249	0.3905355192	nan	nan
34	nan	nan	nan	nan	nan	nan	nan	nan	nan	nan	nan	nan	nan	nan	nan	nan	nan	nan	nan	nan	nan	nan	|	MBLG_cg26_BeforePush_0003	150624	MBLG_cg26_Push2_0004	154852	arc_length	200	0.09386694252	0.583134345	31.81344035	8356305.431	151962027.1	62.29499752	-0.3423073962	0.3423073962	0.4046499193	nan	nan
34	nan	nan	nan	nan	nan	nan	nan	nan	nan	nan	nan	nan	nan	nan	nan	nan	nan	nan	nan	nan	nan	nan	|	MBLG_cg26_BeforePush_0003	150624	MBLG_cg26_Push2_0004	154852	arc_length	200	0.09386694252	0.583134345	31.81344035	8356305.431	151962027.1	62.62635389	-0.3517027217	0.3517027217	0.4191003608	nan	nan
34	nan	nan	nan	nan	nan	nan	nan	nan	nan	nan	nan	nan	nan	nan	nan	nan	nan	nan	nan	nan	nan	nan	|	MBLG_cg26_BeforePush_0003	150624	MBLG_cg26_Push2_0004	154852	arc_length	200	0.09386694252	0.583134345	31.81344035	8356305.431	151962027.1	62.95771026	-0.3610980473	0.3610980473	0.4338907971	nan	nan
34	nan	nan	nan	nan	nan	nan	nan	nan	nan	nan	nan	nan	nan	nan	nan	nan	nan	nan	nan	nan	nan	nan	|	MBLG_cg26_BeforePush_0003	150624	MBLG_cg26_Push2_0004	154852	arc_length	200	0.09386694252	0.583134345	31.81344035	8356305.431	151962027.1	63.28906663	-0.3704933728	0.3704933728	0.4490251818	nan	nan
34	nan	nan	nan	nan	nan	nan	nan	nan	nan	nan	nan	nan	nan	nan	nan	nan	nan	nan	nan	nan	nan	nan	|	MBLG_cg26_BeforePush_0003	150624	MBLG_cg26_Push2_0004	154852	arc_length	200	0.09386694252	0.583134345	31.81344035	8356305.431	151962027.1	63.620423	-0.3756852218	0.3756852218	0.4645074682	nan	nan
34	nan	nan	nan	nan	nan	nan	nan	nan	nan	nan	nan	nan	nan	nan	nan	nan	nan	nan	nan	nan	nan	nan	|	MBLG_cg26_BeforePush_0003	150624	MBLG_cg26_Push2_0004	154852	arc_length	200	0.09386694252	0.583134345	31.81344035	8356305.431	151962027.1	63.95177937	-0.4045988698	0.4045988698	0.4803416098	nan	nan
34	nan	nan	nan	nan	nan	nan	nan	nan	nan	nan	nan	nan	nan	nan	nan	nan	nan	nan	nan	nan	nan	nan	|	MBLG_cg26_BeforePush_0003	150624	MBLG_cg26_Push2_0004	154852	arc_length	200	0.09386694252	0.583134345	31.81344035	8356305.431	151962027.1	64.28313574	-0.4422012696	0.4422012696	0.49653156	nan	nan
34	nan	nan	nan	nan	nan	nan	nan	nan	nan	nan	nan	nan	nan	nan	nan	nan	nan	nan	nan	nan	nan	nan	|	MBLG_cg26_BeforePush_0003	150624	MBLG_cg26_Push2_0004	154852	arc_length	200	0.09386694252	0.583134345	31.81344035	8356305.431	151962027.1	64.61449211	-0.453245833	0.453245833	0.5130812723	nan	nan
34	nan	nan	nan	nan	nan	nan	nan	nan	nan	nan	nan	nan	nan	nan	nan	nan	nan	nan	nan	nan	nan	nan	|	MBLG_cg26_BeforePush_0003	150624	MBLG_cg26_Push2_0004	154852	arc_length	200	0.09386694252	0.583134345	31.81344035	8356305.431	151962027.1	64.94584848	-0.4407505024	0.4407505024	0.5299947	nan	nan
34	nan	nan	nan	nan	nan	nan	nan	nan	nan	nan	nan	nan	nan	nan	nan	nan	nan	nan	nan	nan	nan	nan	|	MBLG_cg26_BeforePush_0003	150624	MBLG_cg26_Push2_0004	154852	arc_length	200	0.09386694252	0.583134345	31.81344035	8356305.431	151962027.1	65.27720485	-0.4268147168	0.4268147168	0.5472757965	nan	nan
34	nan	nan	nan	nan	nan	nan	nan	nan	nan	nan	nan	nan	nan	nan	nan	nan	nan	nan	nan	nan	nan	nan	|	MBLG_cg26_BeforePush_0003	150624	MBLG_cg26_Push2_0004	154852	arc_length	200	0.09386694252	0.583134345	31.81344035	8356305.431	151962027.1	65.60856122	-0.4362100423	0.4362100423	0.5649285154	nan	nan
34	nan	nan	nan	nan	nan	nan	nan	nan	nan	nan	nan	nan	nan	nan	nan	nan	nan	nan	nan	nan	nan	nan	|	MBLG_cg26_BeforePush_0003	150624	MBLG_cg26_Push2_0004	154852	arc_length	200	0.09386694252	0.583134345	31.81344035	8356305.431	151962027.1	65.93991759	-0.4456053679	0.4456053679	0.5829568101	nan	nan
