x_split	fit_v1_file_name	fit_v1_file_time	fit_v1_parabola_a	fit_v1_parabola_b	fit_v1_parabola_c	fit_v1_parabola_a_err	fit_v1_parabola_b_err	fit_v1_parabola_c_err	fit_v1_line_m	fit_v1_line_q	fit_v1_line_m_err	fit_v1_line_q_err	fit_v1_d0	fit_v1_L	fit_v1_d0_err	fit_v1_L_err	fit_v1_x	fit_v1_d_signed	fit_v1_d_abs	fit_v1_d_fit	fit_v1_theta_x	fit_v1_theta	|	direct_pre_file_name	direct_pre_file_time	direct_post_file_name	direct_post_file_time	direct_sample_method	direct_n_samples	direct_registration_rmse	direct_d0	direct_L	direct_d0_err	direct_L_err	direct_x	direct_d_signed	direct_d_abs	direct_d_fit	direct_theta_x	direct_theta
30	BBGcg0_tap_0011	092504	-0.0001980229227	0.01861278546	0.02435337608	1.881424866e-05	0.0008193393598	0.007481507858	0.01552888454	0.03239283463	0.001090586318	0.009332388215	0.2893752917	27.14255554	1329327.786	41562353.36	0	-0.03239283463	0.03239283463	0	15.199222	0	|	BBGcg0_tap_0001	093438	BBGcg0_tap_0011	092504	arc_length	200	0.03835512771	0.21109314	11.81086829	6748143.788	125855092.4	0	-0.04728317102	0.04728317102	0	30.15674067	0
30	BBGcg0_tap_0011	092504	-0.0001980229227	0.01861278546	0.02435337608	1.881424866e-05	0.0008193393598	0.007481507858	0.01552888454	0.03239283463	0.001090586318	0.009332388215	0.2893752917	27.14255554	1329327.786	41562353.36	0.57476	-0.0413182163	0.0413182163	0	15.773983	0.0008217272916	|	BBGcg0_tap_0001	093438	BBGcg0_tap_0011	092504	arc_length	200	0.03835512771	0.21109314	11.81086829	6748143.788	125855092.4	0.2108862984	-0.05415084929	0.05415084929	0	30.36762697	0.000979420649
30	BBGcg0_tap_0011	092504	-0.0001980229227	0.01861278546	0.02435337608	1.881424866e-05	0.0008193393598	0.007481507858	0.01552888454	0.03239283463	0.001090586318	0.009332388215	0.2893752917	27.14255554	1329327.786	41562353.36	1.085658	0.01461110764	0.01461110764	0	16.284881	0.002931838215	|	BBGcg0_tap_0001	093438	BBGcg0_tap_0011	092504	arc_length	200	0.03835512771	0.21109314	11.81086829	6748143.788	125855092.4	0.4217725968	-0.06101852755	0.06101852755	0	30.57851327	0.00391768259
30	BBGcg0_tap_0011	092504	-0.0001980229227	0.01861278546	0.02435337608	1.881424866e-05	0.0008193393598	0.007481507858	0.01552888454	0.03239283463	0.001090586318	0.009332388215	0.2893752917	27.14255554	1329327.786	41562353.36	1.724281	0.004694004813	0.004694004813	0	16.859641	0.006857858412	|	BBGcg0_tap_0001	093438	BBGcg0_tap_0011	092504	arc_length	200	0.03835512771	0.21109314	11.81086829	6748143.788	125855092.4	0.6326588952	-0.06069389723	0.06069389723	0	30.78939957	0.008814785773
30	BBGcg0_tap_0011	092504	-0.0001980229227	0.01861278546	0.02435337608	1.881424866e-05	0.0008193393598	0.007481507858	0.01552888454	0.03239283463	0.001090586318	0.009332388215	0.2893752917	27.14255554	1329327.786	41562353.36	2.299042	-0.004231392393	0.004231392393	0	17.434402	0.01242733846	|	BBGcg0_tap_0001	093438	BBGcg0_tap_0011	092504	arc_length	200	0.03835512771	0.21109314	11.81086829	6748143.788	125855092.4	0.8435451937	-0.04136488679	0.04136488679	0	31.00028587	0.01567073
30	BBGcg0_tap_0011	092504	-0.0001980229227	0.01861278546	0.02435337608	1.881424866e-05	0.0008193393598	0.007481507858	0.01552888454	0.03239283463	0.001090586318	0.009332388215	0.2893752917	27.14255554	1329327.786	41562353.36	2.937664	-0.01414847969	0.01414847969	0	18.009162	0.0196402587	|	BBGcg0_tap_0001	093438	BBGcg0_tap_0011	092504	arc_length	200	0.03835512771	0.21109314	11.81086829	6748143.788	125855092.4	1.054431492	-0.02203587635	0.02203587635	0	31.21117217	0.02448551474
30	BBGcg0_tap_0011	092504	-0.0001980229227	0.01861278546	0.02435337608	1.881424866e-05	0.0008193393598	0.007481507858	0.01552888454	0.03239283463	0.001090586318	0.009332388215	0.2893752917	27.14255554	1329327.786	41562353.36	3.512425	0.0407881231	0.0407881231	0	18.520061	0.0274314482	|	BBGcg0_tap_0001	093438	BBGcg0_tap_0011	092504	arc_length	200	0.03835512771	0.21109314	11.81086829	6748143.788	125855092.4	1.26531779	-0.02453063192	0.02453063192	0	31.42205846	0.03525913892
30	BBGcg0_tap_0011	092504	-0.0001980229227	0.01861278546	0.02435337608	1.881424866e-05	0.0008193393598	0.007481507858	0.01552888454	0.03239283463	0.001090586318	0.009332388215	0.2893752917	27.14255554	1329327.786	41562353.36	4.087186	0.03186272589	0.03186272589	0	19.094821	0.03774866145	|	BBGcg0_tap_0001	093438	BBGcg0_tap_0011	092504	arc_length	200	0.03835512771	0.21109314	11.81086829	6748143.788	125855092.4	1.476204089	-0.03139831019	0.03139831019	0	31.63294476	0.04799160058
30	BBGcg0_tap_0011	092504	-0.0001980229227	0.01861278546	0.02435337608	1.881424866e-05	0.0008193393598	0.007481507858	0.01552888454	0.03239283463	0.001090586318	0.009332388215	0.2893752917	27.14255554	1329327.786	41562353.36	4.598084	0.02392904984	0.02392904984	0	19.733444	0.05113974664	|	BBGcg0_tap_0001	093438	BBGcg0_tap_0011	092504	arc_length	200	0.03835512771	0.21109314	11.81086829	6748143.788	125855092.4	1.687090387	-0.03826598845	0.03826598845	0	31.84383106	0.06268289654
30	BBGcg0_tap_0011	092504	-0.0001980229227	0.01861278546	0.02435337608	1.881424866e-05	0.0008193393598	0.007481507858	0.01552888454	0.03239283463	0.001090586318	0.009332388215	0.2893752917	27.14255554	1329327.786	41562353.36	5.236707	0.01401194701	0.01401194701	0	20.308205	0.06492647984	|	BBGcg0_tap_0001	093438	BBGcg0_tap_0011	092504	arc_length	200	0.03835512771	0.21109314	11.81086829	6748143.788	125855092.4	1.897976686	-0.04513366671	0.04513366671	0	32.05471736	0.07933302188
30	BBGcg0_tap_0011	092504	-0.0001980229227	0.01861278546	0.02435337608	1.881424866e-05	0.0008193393598	0.007481507858	0.01552888454	0.03239283463	0.001090586318	0.009332388215	0.2893752917	27.14255554	1329327.786	41562353.36	5.939192	0.003103138553	0.003103138553	0	21.074552	0.08586522891	|	BBGcg0_tap_0001	093438	BBGcg0_tap_0011	092504	arc_length	200	0.03835512771	0.21109314	11.81086829	6748143.788	125855092.4	2.108862984	-0.05208546362	0.05208546362	0	32.26560366	0.09794196952
30	BBGcg0_tap_0011	092504	-0.0001980229227	0.01861278546	0.02435337608	1.881424866e-05	0.0008193393598	0.007481507858	0.01552888454	0.03239283463	0.001090586318	0.009332388215	0.2893752917	27.14255554	1329327.786	41562353.36	6.705539	-0.008797375526	0.008797375526	0	21.713175	0.105546024	|	BBGcg0_tap_0001	093438	BBGcg0_tap_0011	092504	arc_length	200	0.03835512771	0.21109314	11.81086829	6748143.788	125855092.4	2.319749283	-0.05767266237	0.05767266237	0	32.47648996	0.1185097295
30	BBGcg0_tap_0011	092504	-0.0001980229227	0.01861278546	0.02435337608	1.881424866e-05	0.0008193393598	0.007481507858	0.01552888454	0.03239283463	0.001090586318	0.009332388215	0.2893752917	27.14255554	1329327.786	41562353.36	7.344162	0.04514752164	0.04514752164	0	22.351797	0.127255703	|	BBGcg0_tap_0001	093438	BBGcg0_tap_0011	092504	arc_length	200	0.03835512771	0.21109314	11.81086829	6748143.788	125855092.4	2.530635581	-0.04411360733	0.04411360733	0	32.68737625	0.1410362886
30	BBGcg0_tap_0011	092504	-0.0001980229227	0.01861278546	0.02435337608	1.881424866e-05	0.0008193393598	0.007481507858	0.01552888454	0.03239283463	0.001090586318	0.009332388215	0.2893752917	27.14255554	1329327.786	41562353.36	7.918922	-0.02763986003	0.02763986003	0	22.99042	0.1509943181	|	BBGcg0_tap_0001	093438	BBGcg0_tap_0011	092504	arc_length	200	0.03835512771	0.21109314	11.81086829	6748143.788	125855092.4	2.741521879	-0.02990169496	0.02990169496	0	32.89826255	0.1655216292
30	BBGcg0_tap_0011	092504	-0.0001980229227	0.01861278546	0.02435337608	1.881424866e-05	0.0008193393598	0.007481507858	0.01552888454	0.03239283463	0.001090586318	0.009332388215	0.2893752917	27.14255554	1329327.786	41562353.36	8.493683	-0.03656525724	0.03656525724	0	23.501319	0.171446032	|	BBGcg0_tap_0001	093438	BBGcg0_tap_0011	092504	arc_length	200	0.03835512771	0.21109314	11.81086829	6748143.788	125855092.4	2.952408178	-0.01552965668	0.01552965668	0	33.10914885	0.1919657289
30	BBGcg0_tap_0011	092504	-0.0001980229227	0.01861278546	0.02435337608	1.881424866e-05	0.0008193393598	0.007481507858	0.01552888454	0.03239283463	0.001090586318	0.009332388215	0.2893752917	27.14255554	1329327.786	41562353.36	9.132306	0.01737963993	0.01737963993	0	24.139941	0.1988365758	|	BBGcg0_tap_0001	093438	BBGcg0_tap_0011	092504	arc_length	200	0.03835512771	0.21109314	11.81086829	6748143.788	125855092.4	3.163294476	-0.02085898565	0.02085898565	0	33.32003515	0.2203685594
30	BBGcg0_tap_0011	092504	-0.0001980229227	0.01861278546	0.02435337608	1.881424866e-05	0.0008193393598	0.007481507858	0.01552888454	0.03239283463	0.001090586318	0.009332388215	0.2893752917	27.14255554	1329327.786	41562353.36	9.834791	0.006470831473	0.006470831473	0	24.65084	0.2222098324	|	BBGcg0_tap_0001	093438	BBGcg0_tap_0011	092504	arc_length	200	0.03835512771	0.21109314	11.81086829	6748143.788	125855092.4	3.374180775	-0.02852740887	0.02852740887	0	33.53092145	0.2507300857
30	BBGcg0_tap_0011	092504	-0.0001980229227	0.01861278546	0.02435337608	1.881424866e-05	0.0008193393598	0.007481507858	0.01552888454	0.03239283463	0.001090586318	0.009332388215	0.2893752917	27.14255554	1329327.786	41562353.36	10.473413	-0.003446255829	0.003446255829	0	25.2256	0.2500567129	|	BBGcg0_tap_0001	093438	BBGcg0_tap_0011	092504	arc_length	200	0.03835512771	0.21109314	11.81086829	6748143.788	125855092.4	3.585067073	-0.02290260795	0.02290260795	0	33.74180775	0.2830502649
30	BBGcg0_tap_0011	092504	-0.0001980229227	0.01861278546	0.02435337608	1.881424866e-05	0.0008193393598	0.007481507858	0.01552888454	0.03239283463	0.001090586318	0.009332388215	0.2893752917	27.14255554	1329327.786	41562353.36	11.175899	-0.01435507981	0.01435507981	0	25.928085	0.2863234458	|	BBGcg0_tap_0001	093438	BBGcg0_tap_0011	092504	arc_length	200	0.03835512771	0.21109314	11.81086829	6748143.788	125855092.4	3.795953371	0.0152588543	0.0152588543	0	33.95269404	0.3173290457
30	BBGcg0_tap_0011	092504	-0.0001980229227	0.01861278546	0.02435337608	1.881424866e-05	0.0008193393598	0.007481507858	0.01552888454	0.03239283463	0.001090586318	0.009332388215	0.2893752917	27.14255554	1329327.786	41562353.36	11.750659	-0.02328046149	0.02328046149	0	26.566708	0.3214233535	|	BBGcg0_tap_0001	093438	BBGcg0_tap_0011	092504	arc_length	200	0.03835512771	0.21109314	11.81086829	6748143.788	125855092.4	4.00683967	0.0549605159	0.0549605159	0	34.16358034	0.3535663663
30	BBGcg0_tap_0011	092504	-0.0001980229227	0.01861278546	0.02435337608	1.881424866e-05	0.0008193393598	0.007481507858	0.01552888454	0.03239283463	0.001090586318	0.009332388215	0.2893752917	27.14255554	1329327.786	41562353.36	12.32542	-0.0322058587	0.0322058587	0	27.205331	0.3585518951	|	BBGcg0_tap_0001	093438	BBGcg0_tap_0011	092504	arc_length	200	0.03835512771	0.21109314	11.81086829	6748143.788	125855092.4	4.217725968	0.07093652457	0.07093652457	0	34.37446664	0.3917621543
30	BBGcg0_tap_0011	092504	-0.0001980229227	0.01861278546	0.02435337608	1.881424866e-05	0.0008193393598	0.007481507858	0.01552888454	0.03239283463	0.001090586318	0.009332388215	0.2893752917	27.14255554	1329327.786	41562353.36	12.964042	0.021740054	0.021740054	0	27.907816	0.4017362504	|	BBGcg0_tap_0001	093438	BBGcg0_tap_0011	092504	arc_length	200	0.03835512771	0.21109314	11.81086829	6748143.788	125855092.4	4.428612267	0.06412250613	0.06412250613	0	34.58535294	0.4319163246
30	BBGcg0_tap_0011	092504	-0.0001980229227	0.01861278546	0.02435337608	1.881424866e-05	0.0008193393598	0.007481507858	0.01552888454	0.03239283463	0.001090586318	0.009332388215	0.2893752917	27.14255554	1329327.786	41562353.36	13.474941	0.01380636242	0.01380636242	0	28.546439	0.4431246518	|	BBGcg0_tap_0001	093438	BBGcg0_tap_0011	092504	arc_length	200	0.03835512771	0.21109314	11.81086829	6748143.788	125855092.4	4.639498565	0.05721719048	0.05721719048	0	34.79623924	0.4740287784
30	BBGcg0_tap_0011	092504	-0.0001980229227	0.01861278546	0.02435337608	1.881424866e-05	0.0008193393598	0.007481507858	0.01552888454	0.03239283463	0.001090586318	0.009332388215	0.2893752917	27.14255554	1329327.786	41562353.36	14.049701	0.004880980742	0.004880980742	0	29.248924	0.4909946074	|	BBGcg0_tap_0001	093438	BBGcg0_tap_0011	092504	arc_length	200	0.03835512771	0.21109314	11.81086829	6748143.788	125855092.4	4.850384863	0.03869505896	0.03869505896	0	35.00712554	0.5180994017
30	BBGcg0_tap_0011	092504	-0.0001980229227	0.01861278546	0.02435337608	1.881424866e-05	0.0008193393598	0.007481507858	0.01552888454	0.03239283463	0.001090586318	0.009332388215	0.2893752917	27.14255554	1329327.786	41562353.36	14.624462	-0.004044416465	0.004044416465	0	29.951409	0.5413186917	|	BBGcg0_tap_0001	093438	BBGcg0_tap_0011	092504	arc_length	200	0.03835512771	0.21109314	11.81086829	6748143.788	125855092.4	5.061271162	0.008456510309	0.008456510309	0	35.21801183	0.564128064
30	BBGcg0_tap_0011	092504	-0.0001980229227	0.01861278546	0.02435337608	1.881424866e-05	0.0008193393598	0.007481507858	0.01552888454	0.03239283463	0.001090586318	0.009332388215	0.2893752917	27.14255554	1329327.786	41562353.36	15.199222	-0.01296979814	0.01296979814	0	30.590032	0.589197333	|	BBGcg0_tap_0001	093438	BBGcg0_tap_0011	092504	arc_length	200	0.03835512771	0.21109314	11.81086829	6748143.788	125855092.4	5.27215746	-0.02149151131	0.02149151131	0	35.42889813	0.6121146167
30	BBGcg0_tap_0011	092504	-0.0001980229227	0.01861278546	0.02435337608	1.881424866e-05	0.0008193393598	0.007481507858	0.01552888454	0.03239283463	0.001090586318	0.009332388215	0.2893752917	27.14255554	1329327.786	41562353.36	15.773983	-0.02189519535	0.02189519535	2.747711402e-06	31.228654	0.6391037743	|	BBGcg0_tap_0001	093438	BBGcg0_tap_0011	092504	arc_length	200	0.03835512771	0.21109314	11.81086829	6748143.788	125855092.4	5.483043759	-0.01795852226	0.01795852226	0	35.63978443	0.6620588911
30	BBGcg0_tap_0011	092504	-0.0001980229227	0.01861278546	0.02435337608	1.881424866e-05	0.0008193393598	0.007481507858	0.01552888454	0.03239283463	0.001090586318	0.009332388215	0.2893752917	27.14255554	1329327.786	41562353.36	16.284881	0.0340331286	0.0340331286	1.851780692e-05	31.739553	0.6804889846	|	BBGcg0_tap_0001	093438	BBGcg0_tap_0011	092504	arc_length	200	0.03835512771	0.21109314	11.81086829	6748143.788	125855092.4	5.693930057	-0.003661251645	0.003661251645	0	35.85067073	0.7139606974
30	BBGcg0_tap_0011	092504	-0.0001980229227	0.01861278546	0.02435337608	1.881424866e-05	0.0008193393598	0.007481507858	0.01552888454	0.03239283463	0.001090586318	0.009332388215	0.2893752917	27.14255554	1329327.786	41562353.36	16.859641	-0.03875425308	0.03875425308	6.624640627e-05	32.314313	0.7285982814	|	BBGcg0_tap_0001	093438	BBGcg0_tap_0011	092504	arc_length	200	0.03835512771	0.21109314	11.81086829	6748143.788	125855092.4	5.904816356	0.01028372061	0.01028372061	0	36.06155703	0.7678198223
30	BBGcg0_tap_0011	092504	-0.0001980229227	0.01861278546	0.02435337608	1.881424866e-05	0.0008193393598	0.007481507858	0.01552888454	0.03239283463	0.001090586318	0.009332388215	0.2893752917	27.14255554	1329327.786	41562353.36	17.434402	0.01618234971	0.01618234971	0.0001616020066	32.952936	0.7839790582	|	BBGcg0_tap_0001	093438	BBGcg0_tap_0011	092504	arc_length	200	0.03835512771	0.21109314	11.81086829	6748143.788	125855092.4	6.115702654	0.009275614184	0.009275614184	0	36.27244333	0.8236360277
30	BBGcg0_tap_0011	092504	-0.0001980229227	0.01861278546	0.02435337608	1.881424866e-05	0.0008193393598	0.007481507858	0.01552888454	0.03239283463	0.001090586318	0.009332388215	0.2893752917	27.14255554	1329327.786	41562353.36	18.009162	-0.05660503196	0.05660503196	0.0003210704824	33.591559	0.8413868877	|	BBGcg0_tap_0001	093438	BBGcg0_tap_0011	092504	arc_length	200	0.03835512771	0.21109314	11.81086829	6748143.788	125855092.4	6.326588952	0.002313401769	0.002313401769	0	36.48332963	0.8814090486
30	BBGcg0_tap_0011	092504	-0.0001980229227	0.01861278546	0.02435337608	1.881424866e-05	0.0008193393598	0.007481507858	0.01552888454	0.03239283463	0.001090586318	0.009332388215	0.2893752917	27.14255554	1329327.786	41562353.36	18.520061	-0.0006767235449	0.0006767235449	0.0005299717289	34.294044	0.9068763725	|	BBGcg0_tap_0001	093438	BBGcg0_tap_0011	092504	arc_length	200	0.03835512771	0.21109314	11.81086829	6748143.788	125855092.4	6.537475251	-0.004554276493	0.004554276493	0	36.69421592	0.9411385911
30	BBGcg0_tap_0011	092504	-0.0001980229227	0.01861278546	0.02435337608	1.881424866e-05	0.0008193393598	0.007481507858	0.01552888454	0.03239283463	0.001090586318	0.009332388215	0.2893752917	27.14255554	1329327.786	41562353.36	19.094821	-0.009602105222	0.009602105222	0.0008555235674	34.996529	0.9748178112	|	BBGcg0_tap_0001	093438	BBGcg0_tap_0011	092504	arc_length	200	0.03835512771	0.21109314	11.81086829	6748143.788	125855092.4	6.748361549	-0.007904696597	0.007904696597	0	36.90510222	1.00282433
30	BBGcg0_tap_0011	092504	-0.0001980229227	0.01861278546	0.02435337608	1.881424866e-05	0.0008193393598	0.007481507858	0.01552888454	0.03239283463	0.001090586318	0.009332388215	0.2893752917	27.14255554	1329327.786	41562353.36	19.733444	-0.01951920805	0.01951920805	0.001349017489	35.762876	1.051731597	|	BBGcg0_tap_0001	093438	BBGcg0_tap_0011	092504	arc_length	200	0.03835512771	0.21109314	11.81086829	6748143.788	125855092.4	6.959247848	0.006234451218	0.006234451218	0	37.11598852	1.066465908
30	BBGcg0_tap_0011	092504	-0.0001980229227	0.01861278546	0.02435337608	1.881424866e-05	0.0008193393598	0.007481507858	0.01552888454	0.03239283463	0.001090586318	0.009332388215	0.2893752917	27.14255554	1329327.786	41562353.36	20.308205	-0.02844460526	0.02844460526	0.001929801384	36.337637	1.111331181	|	BBGcg0_tap_0001	093438	BBGcg0_tap_0011	092504	arc_length	200	0.03835512771	0.21109314	11.81086829	6748143.788	125855092.4	7.170134146	0.02037359903	0.02037359903	0	37.32687482	1.132062933
30	BBGcg0_tap_0011	092504	-0.0001980229227	0.01861278546	0.02435337608	1.881424866e-05	0.0008193393598	0.007481507858	0.01552888454	0.03239283463	0.001090586318	0.009332388215	0.2893752917	27.14255554	1329327.786	41562353.36	21.074552	-0.04034511934	0.04034511934	0.002934986005	37.103984	1.193348798	|	BBGcg0_tap_0001	093438	BBGcg0_tap_0011	092504	arc_length	200	0.03835512771	0.21109314	11.81086829	6748143.788	125855092.4	7.381020444	0.02902469507	0.02902469507	0	37.53776112	1.199614974
30	BBGcg0_tap_0011	092504	-0.0001980229227	0.01861278546	0.02435337608	1.881424866e-05	0.0008193393598	0.007481507858	0.01552888454	0.03239283463	0.001090586318	0.009332388215	0.2893752917	27.14255554	1329327.786	41562353.36	21.713175	-0.05026222217	0.05026222217	0.003999844453	37.742607	1.263923909	|	BBGcg0_tap_0001	093438	BBGcg0_tap_0011	092504	arc_length	200	0.03835512771	0.21109314	11.81086829	6748143.788	125855092.4	7.591906743	-0.001077042344	0.001077042344	0	37.74864742	1.269121561
30	BBGcg0_tap_0011	092504	-0.0001980229227	0.01861278546	0.02435337608	1.881424866e-05	0.0008193393598	0.007481507858	0.01552888454	0.03239283463	0.001090586318	0.009332388215	0.2893752917	27.14255554	1329327.786	41562353.36	22.351797	-0.06017930947	0.06017930947	0.005295372331	38.38123	1.336523037	|	BBGcg0_tap_0001	093438	BBGcg0_tap_0011	092504	arc_length	200	0.03835512771	0.21109314	11.81086829	6748143.788	125855092.4	7.802793041	-0.03117937449	0.03117937449	0	37.95953371	1.340582183
30	BBGcg0_tap_0011	092504	-0.0001980229227	0.01861278546	0.02435337608	1.881424866e-05	0.0008193393598	0.007481507858	0.01552888454	0.03239283463	0.001090586318	0.009332388215	0.2893752917	27.14255554	1329327.786	41562353.36	22.99042	-0.0700964123	0.0700964123	0.00684418854	39.019852	1.411145479	|	BBGcg0_tap_0001	093438	BBGcg0_tap_0011	092504	arc_length	200	0.03835512771	0.21109314	11.81086829	6748143.788	125855092.4	8.01367934	-0.05461051583	0.05461051583	0	38.17042001	1.413996284
30	BBGcg0_tap_0011	092504	-0.0001980229227	0.01861278546	0.02435337608	1.881424866e-05	0.0008193393598	0.007481507858	0.01552888454	0.03239283463	0.001090586318	0.009332388215	0.2893752917	27.14255554	1329327.786	41562353.36	23.501319	-0.07803010388	0.07803010388	0.008280806768	39.722338	1.495566685	|	BBGcg0_tap_0001	093438	BBGcg0_tap_0011	092504	arc_length	200	0.03835512771	0.21109314	11.81086829	6748143.788	125855092.4	8.224565638	-0.06506898393	0.06506898393	0	38.38130631	1.489363261
30	BBGcg0_tap_0011	092504	-0.0001980229227	0.01861278546	0.02435337608	1.881424866e-05	0.0008193393598	0.007481507858	0.01552888454	0.03239283463	0.001090586318	0.009332388215	0.2893752917	27.14255554	1329327.786	41562353.36	24.139941	-0.02408519119	0.02408519119	0.01034252495	40.424823	1.582434442	|	BBGcg0_tap_0001	093438	BBGcg0_tap_0011	092504	arc_length	200	0.03835512771	0.21109314	11.81086829	6748143.788	125855092.4	8.435451937	-0.06965595337	0.06965595337	0	38.59219261	1.566682462
30	BBGcg0_tap_0011	092504	-0.0001980229227	0.01861278546	0.02435337608	1.881424866e-05	0.0008193393598	0.007481507858	0.01552888454	0.03239283463	0.001090586318	0.009332388215	0.2893752917	27.14255554	1329327.786	41562353.36	24.65084	-0.03201888277	0.03201888277	0.01221877655	41.127308	1.671747869	|	BBGcg0_tap_0001	093438	BBGcg0_tap_0011	092504	arc_length	200	0.03835512771	0.21109314	11.81086829	6748143.788	125855092.4	8.646338235	-0.059199761	0.059199761	0	38.80307891	1.645953183
30	BBGcg0_tap_0011	092504	-0.0001980229227	0.01861278546	0.02435337608	1.881424866e-05	0.0008193393598	0.007481507858	0.01552888454	0.03239283463	0.001090586318	0.009332388215	0.2893752917	27.14255554	1329327.786	41562353.36	25.2256	-0.04094426445	0.04094426445	0.01458617641	41.829793	1.76350588	|	BBGcg0_tap_0001	093438	BBGcg0_tap_0011	092504	arc_length	200	0.03835512771	0.21109314	11.81086829	6748143.788	125855092.4	8.857224533	-0.01351583849	0.01351583849	0	39.01396521	1.727174666
30	BBGcg0_tap_0011	092504	-0.0001980229227	0.01861278546	0.02435337608	1.881424866e-05	0.0008193393598	0.007481507858	0.01552888454	0.03239283463	0.001090586318	0.009332388215	0.2893752917	27.14255554	1329327.786	41562353.36	25.928085	-0.0518530729	0.0518530729	0.01787188412	42.340691	1.831773728	|	BBGcg0_tap_0001	093438	BBGcg0_tap_0011	092504	arc_length	200	0.03835512771	0.21109314	11.81086829	6748143.788	125855092.4	9.068110832	0.02712241629	0.02712241629	0	39.2248515	1.810346093
30	BBGcg0_tap_0011	092504	-0.0001980229227	0.01861278546	0.02435337608	1.881424866e-05	0.0008193393598	0.007481507858	0.01552888454	0.03239283463	0.001090586318	0.009332388215	0.2893752917	27.14255554	1329327.786	41562353.36	26.566708	-0.06177017573	0.06177017573	0.02125702703	nan	nan	|	BBGcg0_tap_0001	093438	BBGcg0_tap_0011	092504	arc_length	200	0.03835512771	0.21109314	11.81086829	6748143.788	125855092.4	9.27899713	0.03131534765	0.03131534765	0	39.4357378	1.89546659
30	BBGcg0_tap_0011	092504	-0.0001980229227	0.01861278546	0.02435337608	1.881424866e-05	0.0008193393598	0.007481507858	0.01552888454	0.03239283463	0.001090586318	0.009332388215	0.2893752917	27.14255554	1329327.786	41562353.36	27.205331	-0.07168727856	0.07168727856	0.02504471456	nan	nan	|	BBGcg0_tap_0001	093438	BBGcg0_tap_0011	092504	arc_length	200	0.03835512771	0.21109314	11.81086829	6748143.788	125855092.4	9.489883429	0.02717714807	0.02717714807	0	39.6466241	1.982535217
30	BBGcg0_tap_0011	092504	-0.0001980229227	0.01861278546	0.02435337608	1.881424866e-05	0.0008193393598	0.007481507858	0.01552888454	0.03239283463	0.001090586318	0.009332388215	0.2893752917	27.14255554	1329327.786	41562353.36	27.907816	-0.08259608702	0.08259608702	0.02970309863	nan	nan	|	BBGcg0_tap_0001	093438	BBGcg0_tap_0011	092504	arc_length	200	0.03835512771	0.21109314	11.81086829	6748143.788	125855092.4	9.700769727	0.01604347453	0.01604347453	0	39.8575104	2.071550969
30	BBGcg0_tap_0011	092504	-0.0001980229227	0.01861278546	0.02435337608	1.881424866e-05	0.0008193393598	0.007481507858	0.01552888454	0.03239283463	0.001090586318	0.009332388215	0.2893752917	27.14255554	1329327.786	41562353.36	28.546439	-0.09251318985	0.09251318985	0.03440974107	nan	nan	|	BBGcg0_tap_0001	093438	BBGcg0_tap_0011	092504	arc_length	200	0.03835512771	0.21109314	11.81086829	6748143.788	125855092.4	9.911656025	0.02494699255	0.02494699255	0	40.0683967	2.162512773
30	BBGcg0_tap_0011	092504	-0.0001980229227	0.01861278546	0.02435337608	1.881424866e-05	0.0008193393598	0.007481507858	0.01552888454	0.03239283463	0.001090586318	0.009332388215	0.2893752917	27.14255554	1329327.786	41562353.36	29.248924	-0.1034219983	0.1034219983	0.04013382744	nan	nan	|	BBGcg0_tap_0001	093438	BBGcg0_tap_0011	092504	arc_length	200	0.03835512771	0.21109314	11.81086829	6748143.788	125855092.4	10.12254232	0.05046047753	0.05046047753	0	40.279283	2.255419481
30	BBGcg0_tap_0011	092504	-0.0001980229227	0.01861278546	0.02435337608	1.881424866e-05	0.0008193393598	0.007481507858	0.01552888454	0.03239283463	0.001090586318	0.009332388215	0.2893752917	27.14255554	1329327.786	41562353.36	29.951409	-0.1143308068	0.1143308068	0.04645992104	nan	nan	|	BBGcg0_tap_0001	093438	BBGcg0_tap_0011	092504	arc_length	200	0.03835512771	0.21109314	11.81086829	6748143.788	125855092.4	10.33342862	0.06394152302	0.06394152302	0	40.4901693	2.350269874
30	BBGcg0_tap_0011	092504	-0.0001980229227	0.01861278546	0.02435337608	1.881424866e-05	0.0008193393598	0.007481507858	0.01552888454	0.03239283463	0.001090586318	0.009332388215	0.2893752917	27.14255554	1329327.786	41562353.36	30.590032	-0.06038590959	0.06038590959	0.05275864964	nan	nan	|	BBGcg0_tap_0001	093438	BBGcg0_tap_0011	092504	arc_length	200	0.03835512771	0.21109314	11.81086829	6748143.788	125855092.4	10.54431492	0.05683560202	0.05683560202	0	40.70105559	2.447062654
30	BBGcg0_tap_0011	092504	-0.0001980229227	0.01861278546	0.02435337608	1.881424866e-05	0.0008193393598	0.007481507858	0.01552888454	0.03239283463	0.001090586318	0.009332388215	0.2893752917	27.14255554	1329327.786	41562353.36	31.228654	-0.07030299689	0.07030299689	0.05960238537	nan	nan	|	BBGcg0_tap_0001	093438	BBGcg0_tap_0011	092504	arc_length	200	0.03835512771	0.21109314	11.81086829	6748143.788	125855092.4	10.75520122	0.049854478	0.049854478	0	40.91194189	2.545796438
30	BBGcg0_tap_0011	092504	-0.0001980229227	0.01861278546	0.02435337608	1.881424866e-05	0.0008193393598	0.007481507858	0.01552888454	0.03239283463	0.001090586318	0.009332388215	0.2893752917	27.14255554	1329327.786	41562353.36	31.739553	-0.1420986885	0.1420986885	0.06548499965	nan	nan	|	BBGcg0_tap_0001	093438	BBGcg0_tap_0011	092504	arc_length	200	0.03835512771	0.21109314	11.81086829	6748143.788	125855092.4	10.96608752	0.03541686335	0.03541686335	0	41.12282819	2.646469764
30	BBGcg0_tap_0011	092504	-0.0001980229227	0.01861278546	0.02435337608	1.881424866e-05	0.0008193393598	0.007481507858	0.01552888454	0.03239283463	0.001090586318	0.009332388215	0.2893752917	27.14255554	1329327.786	41562353.36	32.314313	-0.1510240702	0.1510240702	0.07255158062	nan	nan	|	BBGcg0_tap_0001	093438	BBGcg0_tap_0011	092504	arc_length	200	0.03835512771	0.21109314	11.81086829	6748143.788	125855092.4	11.17697382	0.007300092376	0.007300092376	0	41.33371449	2.749081078
30	BBGcg0_tap_0011	092504	-0.0001980229227	0.01861278546	0.02435337608	1.881424866e-05	0.0008193393598	0.007481507858	0.01552888454	0.03239283463	0.001090586318	0.009332388215	0.2893752917	27.14255554	1329327.786	41562353.36	32.952936	-0.09707917298	0.09707917298	0.08097983713	nan	nan	|	BBGcg0_tap_0001	093438	BBGcg0_tap_0011	092504	arc_length	200	0.03835512771	0.21109314	11.81086829	6748143.788	125855092.4	11.38786011	-0.0204100105	0.0204100105	0	41.54460079	2.853628737
30	BBGcg0_tap_0011	092504	-0.0001980229227	0.01861278546	0.02435337608	1.881424866e-05	0.0008193393598	0.007481507858	0.01552888454	0.03239283463	0.001090586318	0.009332388215	0.2893752917	27.14255554	1329327.786	41562353.36	33.591559	-0.1069962758	0.1069962758	0.09003678692	nan	nan	|	BBGcg0_tap_0001	093438	BBGcg0_tap_0011	092504	arc_length	200	0.03835512771	0.21109314	11.81086829	6748143.788	125855092.4	11.59874641	-0.04165445838	0.04165445838	0	41.75548709	2.960111002
30	BBGcg0_tap_0011	092504	-0.0001980229227	0.01861278546	0.02435337608	1.881424866e-05	0.0008193393598	0.007481507858	0.01552888454	0.03239283463	0.001090586318	0.009332388215	0.2893752917	27.14255554	1329327.786	41562353.36	34.294044	-0.1179050843	0.1179050843	0.1007525585	nan	nan	|	BBGcg0_tap_0001	093438	BBGcg0_tap_0011	092504	arc_length	200	0.03835512771	0.21109314	11.81086829	6748143.788	125855092.4	11.80963271	-0.04823346755	0.04823346755	0	41.96637338	3.068526037
30	BBGcg0_tap_0011	092504	-0.0001980229227	0.01861278546	0.02435337608	1.881424866e-05	0.0008193393598	0.007481507858	0.01552888454	0.03239283463	0.001090586318	0.009332388215	0.2893752917	27.14255554	1329327.786	41562353.36	34.996529	-0.1288138927	0.1288138927	0.1122865127	nan	nan	|	BBGcg0_tap_0001	093438	BBGcg0_tap_0011	092504	arc_length	200	0.03835512771	0.21109314	11.81086829	6748143.788	125855092.4	12.02051901	-0.05510114581	0.05510114581	0	nan	nan
30	BBGcg0_tap_0011	092504	-0.0001980229227	0.01861278546	0.02435337608	1.881424866e-05	0.0008193393598	0.007481507858	0.01552888454	0.03239283463	0.001090586318	0.009332388215	0.2893752917	27.14255554	1329327.786	41562353.36	35.762876	-0.1407144068	0.1407144068	0.1258375066	nan	nan	|	BBGcg0_tap_0001	093438	BBGcg0_tap_0011	092504	arc_length	200	0.03835512771	0.21109314	11.81086829	6748143.788	125855092.4	12.23140531	-0.06153033031	0.06153033031	0	nan	nan
30	BBGcg0_tap_0011	092504	-0.0001980229227	0.01861278546	0.02435337608	1.881424866e-05	0.0008193393598	0.007481507858	0.01552888454	0.03239283463	0.001090586318	0.009332388215	0.2893752917	27.14255554	1329327.786	41562353.36	36.337637	-0.149639804	0.149639804	0.1366867761	nan	nan	|	BBGcg0_tap_0001	093438	BBGcg0_tap_0011	092504	arc_length	200	0.03835512771	0.21109314	11.81086829	6748143.788	125855092.4	12.44229161	-0.03948355656	0.03948355656	0	nan	nan
30	BBGcg0_tap_0011	092504	-0.0001980229227	0.01861278546	0.02435337608	1.881424866e-05	0.0008193393598	0.007481507858	0.01552888454	0.03239283463	0.001090586318	0.009332388215	0.2893752917	27.14255554	1329327.786	41562353.36	37.103984	-0.1615403181	0.1615403181	0.1520984741	nan	nan	|	BBGcg0_tap_0001	093438	BBGcg0_tap_0011	092504	arc_length	200	0.03835512771	0.21109314	11.81086829	6748143.788	125855092.4	12.6531779	-0.006333094656	0.006333094656	0	nan	nan
30	BBGcg0_tap_0011	092504	-0.0001980229227	0.01861278546	0.02435337608	1.881424866e-05	0.0008193393598	0.007481507858	0.01552888454	0.03239283463	0.001090586318	0.009332388215	0.2893752917	27.14255554	1329327.786	41562353.36	37.742607	-0.1714574209	0.1714574209	0.165793166	nan	nan	|	BBGcg0_tap_0001	093438	BBGcg0_tap_0011	092504	arc_length	200	0.03835512771	0.21109314	11.81086829	6748143.788	125855092.4	12.8640642	0.02681950784	0.02681950784	0	nan	nan
30	BBGcg0_tap_0011	092504	-0.0001980229227	0.01861278546	0.02435337608	1.881424866e-05	0.0008193393598	0.007481507858	0.01552888454	0.03239283463	0.001090586318	0.009332388215	0.2893752917	27.14255554	1329327.786	41562353.36	38.38123	-0.1813745238	0.1813745238	0.1802861626	nan	nan	|	BBGcg0_tap_0001	093438	BBGcg0_tap_0011	092504	arc_length	200	0.03835512771	0.21109314	11.81086829	6748143.788	125855092.4	13.0749505	0.05220948875	0.05220948875	0	nan	nan
30	BBGcg0_tap_0011	092504	-0.0001980229227	0.01861278546	0.02435337608	1.881424866e-05	0.0008193393598	0.007481507858	0.01552888454	0.03239283463	0.001090586318	0.009332388215	0.2893752917	27.14255554	1329327.786	41562353.36	39.019852	-0.1912916111	0.1912916111	0.1956000542	nan	nan	|	BBGcg0_tap_0001	093438	BBGcg0_tap_0011	092504	arc_length	200	0.03835512771	0.21109314	11.81086829	6748143.788	125855092.4	13.2858368	0.06635802426	0.06635802426	0	nan	nan
30	BBGcg0_tap_0011	092504	-0.0001980229227	0.01861278546	0.02435337608	1.881424866e-05	0.0008193393598	0.007481507858	0.01552888454	0.03239283463	0.001090586318	0.009332388215	0.2893752917	27.14255554	1329327.786	41562353.36	39.722338	-0.202200435	0.202200435	0.213420532	nan	nan	|	BBGcg0_tap_0001	093438	BBGcg0_tap_0011	092504	arc_length	200	0.03835512771	0.21109314	11.81086829	6748143.788	125855092.4	13.4967231	0.08033321968	0.08033321968	0	nan	nan
30	BBGcg0_tap_0011	092504	-0.0001980229227	0.01861278546	0.02435337608	1.881424866e-05	0.0008193393598	0.007481507858	0.01552888454	0.03239283463	0.001090586318	0.009332388215	0.2893752917	27.14255554	1329327.786	41562353.36	40.424823	-0.2131092435	0.2131092435	0.2322917613	nan	nan	|	BBGcg0_tap_0001	093438	BBGcg0_tap_0011	092504	arc_length	200	0.03835512771	0.21109314	11.81086829	6748143.788	125855092.4	13.7076094	0.08186658645	0.08186658645	0	nan	nan
30	BBGcg0_tap_0011	092504	-0.0001980229227	0.01861278546	0.02435337608	1.881424866e-05	0.0008193393598	0.007481507858	0.01552888454	0.03239283463	0.001090586318	0.009332388215	0.2893752917	27.14255554	1329327.786	41562353.36	41.127308	-0.2240180519	0.2240180519	0.2522438673	nan	nan	|	BBGcg0_tap_0001	093438	BBGcg0_tap_0011	092504	arc_length	200	0.03835512771	0.21109314	11.81086829	6748143.788	125855092.4	13.9184957	0.07474760657	0.07474760657	0	nan	nan
30	BBGcg0_tap_0011	092504	-0.0001980229227	0.01861278546	0.02435337608	1.881424866e-05	0.0008193393598	0.007481507858	0.01552888454	0.03239283463	0.001090586318	0.009332388215	0.2893752917	27.14255554	1329327.786	41562353.36	41.829793	-0.2349268604	0.2349268604	0.2733069503	nan	nan	|	BBGcg0_tap_0001	093438	BBGcg0_tap_0011	092504	arc_length	200	0.03835512771	0.21109314	11.81086829	6748143.788	125855092.4	14.12938199	0.06787992831	0.06787992831	0	nan	nan
30	BBGcg0_tap_0011	092504	-0.0001980229227	0.01861278546	0.02435337608	1.881424866e-05	0.0008193393598	0.007481507858	0.01552888454	0.03239283463	0.001090586318	0.009332388215	0.2893752917	27.14255554	1329327.786	41562353.36	42.340691	-0.2428605365	0.2428605365	0.2893405413	nan	nan	|	BBGcg0_tap_0001	093438	BBGcg0_tap_0011	092504	arc_length	200	0.03835512771	0.21109314	11.81086829	6748143.788	125855092.4	14.34026829	0.06101225004	0.06101225004	0	nan	nan
30	BBGcg0_tap_0011	092504	-0.0001980229227	0.01861278546	0.02435337608	1.881424866e-05	0.0008193393598	0.007481507858	0.01552888454	0.03239283463	0.001090586318	0.009332388215	0.2893752917	27.14255554	1329327.786	41562353.36	nan	nan	nan	nan	nan	nan	|	BBGcg0_tap_0001	093438	BBGcg0_tap_0011	092504	arc_length	200	0.03835512771	0.21109314	11.81086829	6748143.788	125855092.4	14.55115459	0.05414457178	0.05414457178	0	nan	nan
30	BBGcg0_tap_0011	092504	-0.0001980229227	0.01861278546	0.02435337608	1.881424866e-05	0.0008193393598	0.007481507858	0.01552888454	0.03239283463	0.001090586318	0.009332388215	0.2893752917	27.14255554	1329327.786	41562353.36	nan	nan	nan	nan	nan	nan	|	BBGcg0_tap_0001	093438	BBGcg0_tap_0011	092504	arc_length	200	0.03835512771	0.21109314	11.81086829	6748143.788	125855092.4	14.76204089	0.04727689352	0.04727689352	0	nan	nan
30	BBGcg0_tap_0011	092504	-0.0001980229227	0.01861278546	0.02435337608	1.881424866e-05	0.0008193393598	0.007481507858	0.01552888454	0.03239283463	0.001090586318	0.009332388215	0.2893752917	27.14255554	1329327.786	41562353.36	nan	nan	nan	nan	nan	nan	|	BBGcg0_tap_0001	093438	BBGcg0_tap_0011	092504	arc_length	200	0.03835512771	0.21109314	11.81086829	6748143.788	125855092.4	14.97292719	0.04040921526	0.04040921526	0	nan	nan
30	BBGcg0_tap_0011	092504	-0.0001980229227	0.01861278546	0.02435337608	1.881424866e-05	0.0008193393598	0.007481507858	0.01552888454	0.03239283463	0.001090586318	0.009332388215	0.2893752917	27.14255554	1329327.786	41562353.36	nan	nan	nan	nan	nan	nan	|	BBGcg0_tap_0001	093438	BBGcg0_tap_0011	092504	arc_length	200	0.03835512771	0.21109314	11.81086829	6748143.788	125855092.4	15.18381349	0.03354153699	0.03354153699	0	nan	nan
30	BBGcg0_tap_0011	092504	-0.0001980229227	0.01861278546	0.02435337608	1.881424866e-05	0.0008193393598	0.007481507858	0.01552888454	0.03239283463	0.001090586318	0.009332388215	0.2893752917	27.14255554	1329327.786	41562353.36	nan	nan	nan	nan	nan	nan	|	BBGcg0_tap_0001	093438	BBGcg0_tap_0011	092504	arc_length	200	0.03835512771	0.21109314	11.81086829	6748143.788	125855092.4	15.39469978	0.02667385873	0.02667385873	0	nan	nan
30	BBGcg0_tap_0011	092504	-0.0001980229227	0.01861278546	0.02435337608	1.881424866e-05	0.0008193393598	0.007481507858	0.01552888454	0.03239283463	0.001090586318	0.009332388215	0.2893752917	27.14255554	1329327.786	41562353.36	nan	nan	nan	nan	nan	nan	|	BBGcg0_tap_0001	093438	BBGcg0_tap_0011	092504	arc_length	200	0.03835512771	0.21109314	11.81086829	6748143.788	125855092.4	15.60558608	0.01980618047	0.01980618047	0	nan	nan
30	BBGcg0_tap_0011	092504	-0.0001980229227	0.01861278546	0.02435337608	1.881424866e-05	0.0008193393598	0.007481507858	0.01552888454	0.03239283463	0.001090586318	0.009332388215	0.2893752917	27.14255554	1329327.786	41562353.36	nan	nan	nan	nan	nan	nan	|	BBGcg0_tap_0001	093438	BBGcg0_tap_0011	092504	arc_length	200	0.03835512771	0.21109314	11.81086829	6748143.788	125855092.4	15.81647238	0.01565691364	0.01565691364	0	nan	nan
30	BBGcg0_tap_0011	092504	-0.0001980229227	0.01861278546	0.02435337608	1.881424866e-05	0.0008193393598	0.007481507858	0.01552888454	0.03239283463	0.001090586318	0.009332388215	0.2893752917	27.14255554	1329327.786	41562353.36	nan	nan	nan	nan	nan	nan	|	BBGcg0_tap_0001	093438	BBGcg0_tap_0011	092504	arc_length	200	0.03835512771	0.21109314	11.81086829	6748143.788	125855092.4	16.02735868	0.03498551936	0.03498551936	0	nan	nan
30	BBGcg0_tap_0011	092504	-0.0001980229227	0.01861278546	0.02435337608	1.881424866e-05	0.0008193393598	0.007481507858	0.01552888454	0.03239283463	0.001090586318	0.009332388215	0.2893752917	27.14255554	1329327.786	41562353.36	nan	nan	nan	nan	nan	nan	|	BBGcg0_tap_0001	093438	BBGcg0_tap_0011	092504	arc_length	200	0.03835512771	0.21109314	11.81086829	6748143.788	125855092.4	16.23824498	0.05431412508	0.05431412508	0	nan	nan
30	BBGcg0_tap_0011	092504	-0.0001980229227	0.01861278546	0.02435337608	1.881424866e-05	0.0008193393598	0.007481507858	0.01552888454	0.03239283463	0.001090586318	0.009332388215	0.2893752917	27.14255554	1329327.786	41562353.36	nan	nan	nan	nan	nan	nan	|	BBGcg0_tap_0001	093438	BBGcg0_tap_0011	092504	arc_length	200	0.03835512771	0.21109314	11.81086829	6748143.788	125855092.4	16.44913128	0.04090527997	0.04090527997	0	nan	nan
30	BBGcg0_tap_0011	092504	-0.0001980229227	0.01861278546	0.02435337608	1.881424866e-05	0.0008193393598	0.007481507858	0.01552888454	0.03239283463	0.001090586318	0.009332388215	0.2893752917	27.14255554	1329327.786	41562353.36	nan	nan	nan	nan	nan	nan	|	BBGcg0_tap_0001	093438	BBGcg0_tap_0011	092504	arc_length	200	0.03835512771	0.21109314	11.81086829	6748143.788	125855092.4	16.66001757	0.01080354256	0.01080354256	0	nan	nan
30	BBGcg0_tap_0011	092504	-0.0001980229227	0.01861278546	0.02435337608	1.881424866e-05	0.0008193393598	0.007481507858	0.01552888454	0.03239283463	0.001090586318	0.009332388215	0.2893752917	27.14255554	1329327.786	41562353.36	nan	nan	nan	nan	nan	nan	|	BBGcg0_tap_0001	093438	BBGcg0_tap_0011	092504	arc_length	200	0.03835512771	0.21109314	11.81086829	6748143.788	125855092.4	16.87090387	-0.01929819485	0.01929819485	0	nan	nan
30	BBGcg0_tap_0011	092504	-0.0001980229227	0.01861278546	0.02435337608	1.881424866e-05	0.0008193393598	0.007481507858	0.01552888454	0.03239283463	0.001090586318	0.009332388215	0.2893752917	27.14255554	1329327.786	41562353.36	nan	nan	nan	nan	nan	nan	|	BBGcg0_tap_0001	093438	BBGcg0_tap_0011	092504	arc_length	200	0.03835512771	0.21109314	11.81086829	6748143.788	125855092.4	17.08179017	-0.006568619622	0.006568619622	0	nan	nan
30	BBGcg0_tap_0011	092504	-0.0001980229227	0.01861278546	0.02435337608	1.881424866e-05	0.0008193393598	0.007481507858	0.01552888454	0.03239283463	0.001090586318	0.009332388215	0.2893752917	27.14255554	1329327.786	41562353.36	nan	nan	nan	nan	nan	nan	|	BBGcg0_tap_0001	093438	BBGcg0_tap_0011	092504	arc_length	200	0.03835512771	0.21109314	11.81086829	6748143.788	125855092.4	17.29267647	0.00988172962	0.00988172962	0	nan	nan
30	BBGcg0_tap_0011	092504	-0.0001980229227	0.01861278546	0.02435337608	1.881424866e-05	0.0008193393598	0.007481507858	0.01552888454	0.03239283463	0.001090586318	0.009332388215	0.2893752917	27.14255554	1329327.786	41562353.36	nan	nan	nan	nan	nan	nan	|	BBGcg0_tap_0001	093438	BBGcg0_tap_0011	092504	arc_length	200	0.03835512771	0.21109314	11.81086829	6748143.788	125855092.4	17.50356277	0.01806685839	0.01806685839	0	nan	nan
30	BBGcg0_tap_0011	092504	-0.0001980229227	0.01861278546	0.02435337608	1.881424866e-05	0.0008193393598	0.007481507858	0.01552888454	0.03239283463	0.001090586318	0.009332388215	0.2893752917	27.14255554	1329327.786	41562353.36	nan	nan	nan	nan	nan	nan	|	BBGcg0_tap_0001	093438	BBGcg0_tap_0011	092504	arc_length	200	0.03835512771	0.21109314	11.81086829	6748143.788	125855092.4	17.71444907	-0.00790815029	0.00790815029	0	nan	nan
30	BBGcg0_tap_0011	092504	-0.0001980229227	0.01861278546	0.02435337608	1.881424866e-05	0.0008193393598	0.007481507858	0.01552888454	0.03239283463	0.001090586318	0.009332388215	0.2893752917	27.14255554	1329327.786	41562353.36	nan	nan	nan	nan	nan	nan	|	BBGcg0_tap_0001	093438	BBGcg0_tap_0011	092504	arc_length	200	0.03835512771	0.21109314	11.81086829	6748143.788	125855092.4	17.92533537	-0.01708439613	0.01708439613	0	nan	nan
30	BBGcg0_tap_0011	092504	-0.0001980229227	0.01861278546	0.02435337608	1.881424866e-05	0.0008193393598	0.007481507858	0.01552888454	0.03239283463	0.001090586318	0.009332388215	0.2893752917	27.14255554	1329327.786	41562353.36	nan	nan	nan	nan	nan	nan	|	BBGcg0_tap_0001	093438	BBGcg0_tap_0011	092504	arc_length	200	0.03835512771	0.21109314	11.81086829	6748143.788	125855092.4	18.13622166	-0.004773543356	0.004773543356	0	nan	nan
30	BBGcg0_tap_0011	092504	-0.0001980229227	0.01861278546	0.02435337608	1.881424866e-05	0.0008193393598	0.007481507858	0.01552888454	0.03239283463	0.001090586318	0.009332388215	0.2893752917	27.14255554	1329327.786	41562353.36	nan	nan	nan	nan	nan	nan	|	BBGcg0_tap_0001	093438	BBGcg0_tap_0011	092504	arc_length	200	0.03835512771	0.21109314	11.81086829	6748143.788	125855092.4	18.34710796	0.03235298393	0.03235298393	0	nan	nan
30	BBGcg0_tap_0011	092504	-0.0001980229227	0.01861278546	0.02435337608	1.881424866e-05	0.0008193393598	0.007481507858	0.01552888454	0.03239283463	0.001090586318	0.009332388215	0.2893752917	27.14255554	1329327.786	41562353.36	nan	nan	nan	nan	nan	nan	|	BBGcg0_tap_0001	093438	BBGcg0_tap_0011	092504	arc_length	200	0.03835512771	0.21109314	11.81086829	6748143.788	125855092.4	18.55799426	0.05179991003	0.05179991003	0	nan	nan
30	BBGcg0_tap_0011	092504	-0.0001980229227	0.01861278546	0.02435337608	1.881424866e-05	0.0008193393598	0.007481507858	0.01552888454	0.03239283463	0.001090586318	0.009332388215	0.2893752917	27.14255554	1329327.786	41562353.36	nan	nan	nan	nan	nan	nan	|	BBGcg0_tap_0001	093438	BBGcg0_tap_0011	092504	arc_length	200	0.03835512771	0.21109314	11.81086829	6748143.788	125855092.4	18.76888056	0.04508564412	0.04508564412	0	nan	nan
30	BBGcg0_tap_0011	092504	-0.0001980229227	0.01861278546	0.02435337608	1.881424866e-05	0.0008193393598	0.007481507858	0.01552888454	0.03239283463	0.001090586318	0.009332388215	0.2893752917	27.14255554	1329327.786	41562353.36	nan	nan	nan	nan	nan	nan	|	BBGcg0_tap_0001	093438	BBGcg0_tap_0011	092504	arc_length	200	0.03835512771	0.21109314	11.81086829	6748143.788	125855092.4	18.97976686	0.03821796586	0.03821796586	0	nan	nan
30	BBGcg0_tap_0011	092504	-0.0001980229227	0.01861278546	0.02435337608	1.881424866e-05	0.0008193393598	0.007481507858	0.01552888454	0.03239283463	0.001090586318	0.009332388215	0.2893752917	27.14255554	1329327.786	41562353.36	nan	nan	nan	nan	nan	nan	|	BBGcg0_tap_0001	093438	BBGcg0_tap_0011	092504	arc_length	200	0.03835512771	0.21109314	11.81086829	6748143.788	125855092.4	19.19065316	0.0313502876	0.0313502876	0	nan	nan
30	BBGcg0_tap_0011	092504	-0.0001980229227	0.01861278546	0.02435337608	1.881424866e-05	0.0008193393598	0.007481507858	0.01552888454	0.03239283463	0.001090586318	0.009332388215	0.2893752917	27.14255554	1329327.786	41562353.36	nan	nan	nan	nan	nan	nan	|	BBGcg0_tap_0001	093438	BBGcg0_tap_0011	092504	arc_length	200	0.03835512771	0.21109314	11.81086829	6748143.788	125855092.4	19.40153945	0.02448260934	0.02448260934	0	nan	nan
30	BBGcg0_tap_0011	092504	-0.0001980229227	0.01861278546	0.02435337608	1.881424866e-05	0.0008193393598	0.007481507858	0.01552888454	0.03239283463	0.001090586318	0.009332388215	0.2893752917	27.14255554	1329327.786	41562353.36	nan	nan	nan	nan	nan	nan	|	BBGcg0_tap_0001	093438	BBGcg0_tap_0011	092504	arc_length	200	0.03835512771	0.21109314	11.81086829	6748143.788	125855092.4	19.61242575	0.01761493107	0.01761493107	0	nan	nan
30	BBGcg0_tap_0011	092504	-0.0001980229227	0.01861278546	0.02435337608	1.881424866e-05	0.0008193393598	0.007481507858	0.01552888454	0.03239283463	0.001090586318	0.009332388215	0.2893752917	27.14255554	1329327.786	41562353.36	nan	nan	nan	nan	nan	nan	|	BBGcg0_tap_0001	093438	BBGcg0_tap_0011	092504	arc_length	200	0.03835512771	0.21109314	11.81086829	6748143.788	125855092.4	19.82331205	0.01074725281	0.01074725281	0	nan	nan
30	BBGcg0_tap_0011	092504	-0.0001980229227	0.01861278546	0.02435337608	1.881424866e-05	0.0008193393598	0.007481507858	0.01552888454	0.03239283463	0.001090586318	0.009332388215	0.2893752917	27.14255554	1329327.786	41562353.36	nan	nan	nan	nan	nan	nan	|	BBGcg0_tap_0001	093438	BBGcg0_tap_0011	092504	arc_length	200	0.03835512771	0.21109314	11.81086829	6748143.788	125855092.4	20.03419835	0.003879574548	0.003879574548	0	nan	nan
30	BBGcg0_tap_0011	092504	-0.0001980229227	0.01861278546	0.02435337608	1.881424866e-05	0.0008193393598	0.007481507858	0.01552888454	0.03239283463	0.001090586318	0.009332388215	0.2893752917	27.14255554	1329327.786	41562353.36	nan	nan	nan	nan	nan	nan	|	BBGcg0_tap_0001	093438	BBGcg0_tap_0011	092504	arc_length	200	0.03835512771	0.21109314	11.81086829	6748143.788	125855092.4	20.24508465	-0.002988103714	0.002988103714	0	nan	nan
30	BBGcg0_tap_0011	092504	-0.0001980229227	0.01861278546	0.02435337608	1.881424866e-05	0.0008193393598	0.007481507858	0.01552888454	0.03239283463	0.001090586318	0.009332388215	0.2893752917	27.14255554	1329327.786	41562353.36	nan	nan	nan	nan	nan	nan	|	BBGcg0_tap_0001	093438	BBGcg0_tap_0011	092504	arc_length	200	0.03835512771	0.21109314	11.81086829	6748143.788	125855092.4	20.45597095	-0.009855781977	0.009855781977	0	nan	nan
30	BBGcg0_tap_0011	092504	-0.0001980229227	0.01861278546	0.02435337608	1.881424866e-05	0.0008193393598	0.007481507858	0.01552888454	0.03239283463	0.001090586318	0.009332388215	0.2893752917	27.14255554	1329327.786	41562353.36	nan	nan	nan	nan	nan	nan	|	BBGcg0_tap_0001	093438	BBGcg0_tap_0011	092504	arc_length	200	0.03835512771	0.21109314	11.81086829	6748143.788	125855092.4	20.66685724	-0.01672346024	0.01672346024	0	nan	nan
30	BBGcg0_tap_0011	092504	-0.0001980229227	0.01861278546	0.02435337608	1.881424866e-05	0.0008193393598	0.007481507858	0.01552888454	0.03239283463	0.001090586318	0.009332388215	0.2893752917	27.14255554	1329327.786	41562353.36	nan	nan	nan	nan	nan	nan	|	BBGcg0_tap_0001	093438	BBGcg0_tap_0011	092504	arc_length	200	0.03835512771	0.21109314	11.81086829	6748143.788	125855092.4	20.87774354	-0.0237314988	0.0237314988	0	nan	nan
30	BBGcg0_tap_0011	092504	-0.0001980229227	0.01861278546	0.02435337608	1.881424866e-05	0.0008193393598	0.007481507858	0.01552888454	0.03239283463	0.001090586318	0.009332388215	0.2893752917	27.14255554	1329327.786	41562353.36	nan	nan	nan	nan	nan	nan	|	BBGcg0_tap_0001	093438	BBGcg0_tap_0011	092504	arc_length	200	0.03835512771	0.21109314	11.81086829	6748143.788	125855092.4	21.08862984	-0.01521435472	0.01521435472	0	nan	nan
30	BBGcg0_tap_0011	092504	-0.0001980229227	0.01861278546	0.02435337608	1.881424866e-05	0.0008193393598	0.007481507858	0.01552888454	0.03239283463	0.001090586318	0.009332388215	0.2893752917	27.14255554	1329327.786	41562353.36	nan	nan	nan	nan	nan	nan	|	BBGcg0_tap_0001	093438	BBGcg0_tap_0011	092504	arc_length	200	0.03835512771	0.21109314	11.81086829	6748143.788	125855092.4	21.29951614	-0.001103585621	0.001103585621	0	nan	nan
30	BBGcg0_tap_0011	092504	-0.0001980229227	0.01861278546	0.02435337608	1.881424866e-05	0.0008193393598	0.007481507858	0.01552888454	0.03239283463	0.001090586318	0.009332388215	0.2893752917	27.14255554	1329327.786	41562353.36	nan	nan	nan	nan	nan	nan	|	BBGcg0_tap_0001	093438	BBGcg0_tap_0011	092504	arc_length	200	0.03835512771	0.21109314	11.81086829	6748143.788	125855092.4	21.51040244	0.01313269514	0.01313269514	0	nan	nan
30	BBGcg0_tap_0011	092504	-0.0001980229227	0.01861278546	0.02435337608	1.881424866e-05	0.0008193393598	0.007481507858	0.01552888454	0.03239283463	0.001090586318	0.009332388215	0.2893752917	27.14255554	1329327.786	41562353.36	nan	nan	nan	nan	nan	nan	|	BBGcg0_tap_0001	093438	BBGcg0_tap_0011	092504	arc_length	200	0.03835512771	0.21109314	11.81086829	6748143.788	125855092.4	21.72128874	0.01277573969	0.01277573969	0	nan	nan
30	BBGcg0_tap_0011	092504	-0.0001980229227	0.01861278546	0.02435337608	1.881424866e-05	0.0008193393598	0.007481507858	0.01552888454	0.03239283463	0.001090586318	0.009332388215	0.2893752917	27.14255554	1329327.786	41562353.36	nan	nan	nan	nan	nan	nan	|	BBGcg0_tap_0001	093438	BBGcg0_tap_0011	092504	arc_length	200	0.03835512771	0.21109314	11.81086829	6748143.788	125855092.4	21.93217503	0.005932470185	0.005932470185	0	nan	nan
30	BBGcg0_tap_0011	092504	-0.0001980229227	0.01861278546	0.02435337608	1.881424866e-05	0.0008193393598	0.007481507858	0.01552888454	0.03239283463	0.001090586318	0.009332388215	0.2893752917	27.14255554	1329327.786	41562353.36	nan	nan	nan	nan	nan	nan	|	BBGcg0_tap_0001	093438	BBGcg0_tap_0011	092504	arc_length	200	0.03835512771	0.21109314	11.81086829	6748143.788	125855092.4	22.14306133	-0.0009352080777	0.0009352080777	0	nan	nan
30	BBGcg0_tap_0011	092504	-0.0001980229227	0.01861278546	0.02435337608	1.881424866e-05	0.0008193393598	0.007481507858	0.01552888454	0.03239283463	0.001090586318	0.009332388215	0.2893752917	27.14255554	1329327.786	41562353.36	nan	nan	nan	nan	nan	nan	|	BBGcg0_tap_0001	093438	BBGcg0_tap_0011	092504	arc_length	200	0.03835512771	0.21109314	11.81086829	6748143.788	125855092.4	22.35394763	-0.00780288634	0.00780288634	0	nan	nan
30	BBGcg0_tap_0011	092504	-0.0001980229227	0.01861278546	0.02435337608	1.881424866e-05	0.0008193393598	0.007481507858	0.01552888454	0.03239283463	0.001090586318	0.009332388215	0.2893752917	27.14255554	1329327.786	41562353.36	nan	nan	nan	nan	nan	nan	|	BBGcg0_tap_0001	093438	BBGcg0_tap_0011	092504	arc_length	200	0.03835512771	0.21109314	11.81086829	6748143.788	125855092.4	22.56483393	-0.0146705646	0.0146705646	0	nan	nan
30	BBGcg0_tap_0011	092504	-0.0001980229227	0.01861278546	0.02435337608	1.881424866e-05	0.0008193393598	0.007481507858	0.01552888454	0.03239283463	0.001090586318	0.009332388215	0.2893752917	27.14255554	1329327.786	41562353.36	nan	nan	nan	nan	nan	nan	|	BBGcg0_tap_0001	093438	BBGcg0_tap_0011	092504	arc_length	200	0.03835512771	0.21109314	11.81086829	6748143.788	125855092.4	22.77572023	-0.02153824287	0.02153824287	0	nan	nan
30	BBGcg0_tap_0011	092504	-0.0001980229227	0.01861278546	0.02435337608	1.881424866e-05	0.0008193393598	0.007481507858	0.01552888454	0.03239283463	0.001090586318	0.009332388215	0.2893752917	27.14255554	1329327.786	41562353.36	nan	nan	nan	nan	nan	nan	|	BBGcg0_tap_0001	093438	BBGcg0_tap_0011	092504	arc_length	200	0.03835512771	0.21109314	11.81086829	6748143.788	125855092.4	22.98660653	-0.02840592113	0.02840592113	0	nan	nan
30	BBGcg0_tap_0011	092504	-0.0001980229227	0.01861278546	0.02435337608	1.881424866e-05	0.0008193393598	0.007481507858	0.01552888454	0.03239283463	0.001090586318	0.009332388215	0.2893752917	27.14255554	1329327.786	41562353.36	nan	nan	nan	nan	nan	nan	|	BBGcg0_tap_0001	093438	BBGcg0_tap_0011	092504	arc_length	200	0.03835512771	0.21109314	11.81086829	6748143.788	125855092.4	23.19749283	-0.03527359939	0.03527359939	0	nan	nan
30	BBGcg0_tap_0011	092504	-0.0001980229227	0.01861278546	0.02435337608	1.881424866e-05	0.0008193393598	0.007481507858	0.01552888454	0.03239283463	0.001090586318	0.009332388215	0.2893752917	27.14255554	1329327.786	41562353.36	nan	nan	nan	nan	nan	nan	|	BBGcg0_tap_0001	093438	BBGcg0_tap_0011	092504	arc_length	200	0.03835512771	0.21109314	11.81086829	6748143.788	125855092.4	23.40837912	-0.04214179167	0.04214179167	0	nan	nan
30	BBGcg0_tap_0011	092504	-0.0001980229227	0.01861278546	0.02435337608	1.881424866e-05	0.0008193393598	0.007481507858	0.01552888454	0.03239283463	0.001090586318	0.009332388215	0.2893752917	27.14255554	1329327.786	41562353.36	nan	nan	nan	nan	nan	nan	|	BBGcg0_tap_0001	093438	BBGcg0_tap_0011	092504	arc_length	200	0.03835512771	0.21109314	11.81086829	6748143.788	125855092.4	23.61926542	-0.04114947534	0.04114947534	0	nan	nan
30	BBGcg0_tap_0011	092504	-0.0001980229227	0.01861278546	0.02435337608	1.881424866e-05	0.0008193393598	0.007481507858	0.01552888454	0.03239283463	0.001090586318	0.009332388215	0.2893752917	27.14255554	1329327.786	41562353.36	nan	nan	nan	nan	nan	nan	|	BBGcg0_tap_0001	093438	BBGcg0_tap_0011	092504	arc_length	200	0.03835512771	0.21109314	11.81086829	6748143.788	125855092.4	23.83015172	-0.008011531774	0.008011531774	0	nan	nan
30	BBGcg0_tap_0011	092504	-0.0001980229227	0.01861278546	0.02435337608	1.881424866e-05	0.0008193393598	0.007481507858	0.01552888454	0.03239283463	0.001090586318	0.009332388215	0.2893752917	27.14255554	1329327.786	41562353.36	nan	nan	nan	nan	nan	nan	|	BBGcg0_tap_0001	093438	BBGcg0_tap_0011	092504	arc_length	200	0.03835512771	0.21109314	11.81086829	6748143.788	125855092.4	24.04103802	0.02511958271	0.02511958271	0	nan	nan
30	BBGcg0_tap_0011	092504	-0.0001980229227	0.01861278546	0.02435337608	1.881424866e-05	0.0008193393598	0.007481507858	0.01552888454	0.03239283463	0.001090586318	0.009332388215	0.2893752917	27.14255554	1329327.786	41562353.36	nan	nan	nan	nan	nan	nan	|	BBGcg0_tap_0001	093438	BBGcg0_tap_0011	092504	arc_length	200	0.03835512771	0.21109314	11.81086829	6748143.788	125855092.4	24.25192432	0.05154745519	0.05154745519	0	nan	nan
30	BBGcg0_tap_0011	092504	-0.0001980229227	0.01861278546	0.02435337608	1.881424866e-05	0.0008193393598	0.007481507858	0.01552888454	0.03239283463	0.001090586318	0.009332388215	0.2893752917	27.14255554	1329327.786	41562353.36	nan	nan	nan	nan	nan	nan	|	BBGcg0_tap_0001	093438	BBGcg0_tap_0011	092504	arc_length	200	0.03835512771	0.21109314	11.81086829	6748143.788	125855092.4	24.46281062	0.04774426831	0.04774426831	0	nan	nan
30	BBGcg0_tap_0011	092504	-0.0001980229227	0.01861278546	0.02435337608	1.881424866e-05	0.0008193393598	0.007481507858	0.01552888454	0.03239283463	0.001090586318	0.009332388215	0.2893752917	27.14255554	1329327.786	41562353.36	nan	nan	nan	nan	nan	nan	|	BBGcg0_tap_0001	093438	BBGcg0_tap_0011	092504	arc_length	200	0.03835512771	0.21109314	11.81086829	6748143.788	125855092.4	24.67369691	0.03916762187	0.03916762187	0	nan	nan
30	BBGcg0_tap_0011	092504	-0.0001980229227	0.01861278546	0.02435337608	1.881424866e-05	0.0008193393598	0.007481507858	0.01552888454	0.03239283463	0.001090586318	0.009332388215	0.2893752917	27.14255554	1329327.786	41562353.36	nan	nan	nan	nan	nan	nan	|	BBGcg0_tap_0001	093438	BBGcg0_tap_0011	092504	arc_length	200	0.03835512771	0.21109314	11.81086829	6748143.788	125855092.4	24.88458321	0.03460295282	0.03460295282	0	nan	nan
30	BBGcg0_tap_0011	092504	-0.0001980229227	0.01861278546	0.02435337608	1.881424866e-05	0.0008193393598	0.007481507858	0.01552888454	0.03239283463	0.001090586318	0.009332388215	0.2893752917	27.14255554	1329327.786	41562353.36	nan	nan	nan	nan	nan	nan	|	BBGcg0_tap_0001	093438	BBGcg0_tap_0011	092504	arc_length	200	0.03835512771	0.21109314	11.81086829	6748143.788	125855092.4	25.09546951	0.0300586473	0.0300586473	0	nan	nan
30	BBGcg0_tap_0011	092504	-0.0001980229227	0.01861278546	0.02435337608	1.881424866e-05	0.0008193393598	0.007481507858	0.01552888454	0.03239283463	0.001090586318	0.009332388215	0.2893752917	27.14255554	1329327.786	41562353.36	nan	nan	nan	nan	nan	nan	|	BBGcg0_tap_0001	093438	BBGcg0_tap_0011	092504	arc_length	200	0.03835512771	0.21109314	11.81086829	6748143.788	125855092.4	25.30635581	0.02384215307	0.02384215307	0	nan	nan
30	BBGcg0_tap_0011	092504	-0.0001980229227	0.01861278546	0.02435337608	1.881424866e-05	0.0008193393598	0.007481507858	0.01552888454	0.03239283463	0.001090586318	0.009332388215	0.2893752917	27.14255554	1329327.786	41562353.36	nan	nan	nan	nan	nan	nan	|	BBGcg0_tap_0001	093438	BBGcg0_tap_0011	092504	arc_length	200	0.03835512771	0.21109314	11.81086829	6748143.788	125855092.4	25.51724211	0.01697679376	0.01697679376	0	nan	nan
30	BBGcg0_tap_0011	092504	-0.0001980229227	0.01861278546	0.02435337608	1.881424866e-05	0.0008193393598	0.007481507858	0.01552888454	0.03239283463	0.001090586318	0.009332388215	0.2893752917	27.14255554	1329327.786	41562353.36	nan	nan	nan	nan	nan	nan	|	BBGcg0_tap_0001	093438	BBGcg0_tap_0011	092504	arc_length	200	0.03835512771	0.21109314	11.81086829	6748143.788	125855092.4	25.72812841	0.01010911549	0.01010911549	0	nan	nan
30	BBGcg0_tap_0011	092504	-0.0001980229227	0.01861278546	0.02435337608	1.881424866e-05	0.0008193393598	0.007481507858	0.01552888454	0.03239283463	0.001090586318	0.009332388215	0.2893752917	27.14255554	1329327.786	41562353.36	nan	nan	nan	nan	nan	nan	|	BBGcg0_tap_0001	093438	BBGcg0_tap_0011	092504	arc_length	200	0.03835512771	0.21109314	11.81086829	6748143.788	125855092.4	25.9390147	0.003241437232	0.003241437232	0	nan	nan
30	BBGcg0_tap_0011	092504	-0.0001980229227	0.01861278546	0.02435337608	1.881424866e-05	0.0008193393598	0.007481507858	0.01552888454	0.03239283463	0.001090586318	0.009332388215	0.2893752917	27.14255554	1329327.786	41562353.36	nan	nan	nan	nan	nan	nan	|	BBGcg0_tap_0001	093438	BBGcg0_tap_0011	092504	arc_length	200	0.03835512771	0.21109314	11.81086829	6748143.788	125855092.4	26.149901	-0.00362624103	0.00362624103	0	nan	nan
30	BBGcg0_tap_0011	092504	-0.0001980229227	0.01861278546	0.02435337608	1.881424866e-05	0.0008193393598	0.007481507858	0.01552888454	0.03239283463	0.001090586318	0.009332388215	0.2893752917	27.14255554	1329327.786	41562353.36	nan	nan	nan	nan	nan	nan	|	BBGcg0_tap_0001	093438	BBGcg0_tap_0011	092504	arc_length	200	0.03835512771	0.21109314	11.81086829	6748143.788	125855092.4	26.3607873	-0.01049334797	0.01049334797	0	nan	nan
30	BBGcg0_tap_0011	092504	-0.0001980229227	0.01861278546	0.02435337608	1.881424866e-05	0.0008193393598	0.007481507858	0.01552888454	0.03239283463	0.001090586318	0.009332388215	0.2893752917	27.14255554	1329327.786	41562353.36	nan	nan	nan	nan	nan	nan	|	BBGcg0_tap_0001	093438	BBGcg0_tap_0011	092504	arc_length	200	0.03835512771	0.21109314	11.81086829	6748143.788	125855092.4	26.5716736	-0.01746758109	0.01746758109	0	nan	nan
30	BBGcg0_tap_0011	092504	-0.0001980229227	0.01861278546	0.02435337608	1.881424866e-05	0.0008193393598	0.007481507858	0.01552888454	0.03239283463	0.001090586318	0.009332388215	0.2893752917	27.14255554	1329327.786	41562353.36	nan	nan	nan	nan	nan	nan	|	BBGcg0_tap_0001	093438	BBGcg0_tap_0011	092504	arc_length	200	0.03835512771	0.21109314	11.81086829	6748143.788	125855092.4	26.7825599	-0.02625893708	0.02625893708	0	nan	nan
30	BBGcg0_tap_0011	092504	-0.0001980229227	0.01861278546	0.02435337608	1.881424866e-05	0.0008193393598	0.007481507858	0.01552888454	0.03239283463	0.001090586318	0.009332388215	0.2893752917	27.14255554	1329327.786	41562353.36	nan	nan	nan	nan	nan	nan	|	BBGcg0_tap_0001	093438	BBGcg0_tap_0011	092504	arc_length	200	0.03835512771	0.21109314	11.81086829	6748143.788	125855092.4	26.9934462	-0.03506019148	0.03506019148	0	nan	nan
30	BBGcg0_tap_0011	092504	-0.0001980229227	0.01861278546	0.02435337608	1.881424866e-05	0.0008193393598	0.007481507858	0.01552888454	0.03239283463	0.001090586318	0.009332388215	0.2893752917	27.14255554	1329327.786	41562353.36	nan	nan	nan	nan	nan	nan	|	BBGcg0_tap_0001	093438	BBGcg0_tap_0011	092504	arc_length	200	0.03835512771	0.21109314	11.81086829	6748143.788	125855092.4	27.2043325	-0.04394726247	0.04394726247	0	nan	nan
30	BBGcg0_tap_0011	092504	-0.0001980229227	0.01861278546	0.02435337608	1.881424866e-05	0.0008193393598	0.007481507858	0.01552888454	0.03239283463	0.001090586318	0.009332388215	0.2893752917	27.14255554	1329327.786	41562353.36	nan	nan	nan	nan	nan	nan	|	BBGcg0_tap_0001	093438	BBGcg0_tap_0011	092504	arc_length	200	0.03835512771	0.21109314	11.81086829	6748143.788	125855092.4	27.41521879	-0.03353392195	0.03353392195	0	nan	nan
30	BBGcg0_tap_0011	092504	-0.0001980229227	0.01861278546	0.02435337608	1.881424866e-05	0.0008193393598	0.007481507858	0.01552888454	0.03239283463	0.001090586318	0.009332388215	0.2893752917	27.14255554	1329327.786	41562353.36	nan	nan	nan	nan	nan	nan	|	BBGcg0_tap_0001	093438	BBGcg0_tap_0011	092504	arc_length	200	0.03835512771	0.21109314	11.81086829	6748143.788	125855092.4	27.62610509	-0.01705782431	0.01705782431	0	nan	nan
30	BBGcg0_tap_0011	092504	-0.0001980229227	0.01861278546	0.02435337608	1.881424866e-05	0.0008193393598	0.007481507858	0.01552888454	0.03239283463	0.001090586318	0.009332388215	0.2893752917	27.14255554	1329327.786	41562353.36	nan	nan	nan	nan	nan	nan	|	BBGcg0_tap_0001	093438	BBGcg0_tap_0011	092504	arc_length	200	0.03835512771	0.21109314	11.81086829	6748143.788	125855092.4	27.83699139	-0.001050857424	0.001050857424	0	nan	nan
30	BBGcg0_tap_0011	092504	-0.0001980229227	0.01861278546	0.02435337608	1.881424866e-05	0.0008193393598	0.007481507858	0.01552888454	0.03239283463	0.001090586318	0.009332388215	0.2893752917	27.14255554	1329327.786	41562353.36	nan	nan	nan	nan	nan	nan	|	BBGcg0_tap_0001	093438	BBGcg0_tap_0011	092504	arc_length	200	0.03835512771	0.21109314	11.81086829	6748143.788	125855092.4	28.04787769	-0.007959345394	0.007959345394	0	nan	nan
30	BBGcg0_tap_0011	092504	-0.0001980229227	0.01861278546	0.02435337608	1.881424866e-05	0.0008193393598	0.007481507858	0.01552888454	0.03239283463	0.001090586318	0.009332388215	0.2893752917	27.14255554	1329327.786	41562353.36	nan	nan	nan	nan	nan	nan	|	BBGcg0_tap_0001	093438	BBGcg0_tap_0011	092504	arc_length	200	0.03835512771	0.21109314	11.81086829	6748143.788	125855092.4	28.25876399	-0.01482702366	0.01482702366	0	nan	nan
30	BBGcg0_tap_0011	092504	-0.0001980229227	0.01861278546	0.02435337608	1.881424866e-05	0.0008193393598	0.007481507858	0.01552888454	0.03239283463	0.001090586318	0.009332388215	0.2893752917	27.14255554	1329327.786	41562353.36	nan	nan	nan	nan	nan	nan	|	BBGcg0_tap_0001	093438	BBGcg0_tap_0011	092504	arc_length	200	0.03835512771	0.21109314	11.81086829	6748143.788	125855092.4	28.46965029	-0.02169470192	0.02169470192	0	nan	nan
30	BBGcg0_tap_0011	092504	-0.0001980229227	0.01861278546	0.02435337608	1.881424866e-05	0.0008193393598	0.007481507858	0.01552888454	0.03239283463	0.001090586318	0.009332388215	0.2893752917	27.14255554	1329327.786	41562353.36	nan	nan	nan	nan	nan	nan	|	BBGcg0_tap_0001	093438	BBGcg0_tap_0011	092504	arc_length	200	0.03835512771	0.21109314	11.81086829	6748143.788	125855092.4	28.68053658	-0.02856238018	0.02856238018	0	nan	nan
30	BBGcg0_tap_0011	092504	-0.0001980229227	0.01861278546	0.02435337608	1.881424866e-05	0.0008193393598	0.007481507858	0.01552888454	0.03239283463	0.001090586318	0.009332388215	0.2893752917	27.14255554	1329327.786	41562353.36	nan	nan	nan	nan	nan	nan	|	BBGcg0_tap_0001	093438	BBGcg0_tap_0011	092504	arc_length	200	0.03835512771	0.21109314	11.81086829	6748143.788	125855092.4	28.89142288	-0.03543005844	0.03543005844	0	nan	nan
30	BBGcg0_tap_0011	092504	-0.0001980229227	0.01861278546	0.02435337608	1.881424866e-05	0.0008193393598	0.007481507858	0.01552888454	0.03239283463	0.001090586318	0.009332388215	0.2893752917	27.14255554	1329327.786	41562353.36	nan	nan	nan	nan	nan	nan	|	BBGcg0_tap_0001	093438	BBGcg0_tap_0011	092504	arc_length	200	0.03835512771	0.21109314	11.81086829	6748143.788	125855092.4	29.10230918	-0.04229773671	0.04229773671	0	nan	nan
30	BBGcg0_tap_0011	092504	-0.0001980229227	0.01861278546	0.02435337608	1.881424866e-05	0.0008193393598	0.007481507858	0.01552888454	0.03239283463	0.001090586318	0.009332388215	0.2893752917	27.14255554	1329327.786	41562353.36	nan	nan	nan	nan	nan	nan	|	BBGcg0_tap_0001	093438	BBGcg0_tap_0011	092504	arc_length	200	0.03835512771	0.21109314	11.81086829	6748143.788	125855092.4	29.31319548	-0.04916541497	0.04916541497	0	nan	nan
30	BBGcg0_tap_0011	092504	-0.0001980229227	0.01861278546	0.02435337608	1.881424866e-05	0.0008193393598	0.007481507858	0.01552888454	0.03239283463	0.001090586318	0.009332388215	0.2893752917	27.14255554	1329327.786	41562353.36	nan	nan	nan	nan	nan	nan	|	BBGcg0_tap_0001	093438	BBGcg0_tap_0011	092504	arc_length	200	0.03835512771	0.21109314	11.81086829	6748143.788	125855092.4	29.52408178	-0.05603309323	0.05603309323	0	nan	nan
30	BBGcg0_tap_0011	092504	-0.0001980229227	0.01861278546	0.02435337608	1.881424866e-05	0.0008193393598	0.007481507858	0.01552888454	0.03239283463	0.001090586318	0.009332388215	0.2893752917	27.14255554	1329327.786	41562353.36	nan	nan	nan	nan	nan	nan	|	BBGcg0_tap_0001	093438	BBGcg0_tap_0011	092504	arc_length	200	0.03835512771	0.21109314	11.81086829	6748143.788	125855092.4	29.73496808	-0.06290077149	0.06290077149	0	nan	nan
30	BBGcg0_tap_0011	092504	-0.0001980229227	0.01861278546	0.02435337608	1.881424866e-05	0.0008193393598	0.007481507858	0.01552888454	0.03239283463	0.001090586318	0.009332388215	0.2893752917	27.14255554	1329327.786	41562353.36	nan	nan	nan	nan	nan	nan	|	BBGcg0_tap_0001	093438	BBGcg0_tap_0011	092504	arc_length	200	0.03835512771	0.21109314	11.81086829	6748143.788	125855092.4	29.94585437	-0.06976844976	0.06976844976	0	nan	nan
30	BBGcg0_tap_0011	092504	-0.0001980229227	0.01861278546	0.02435337608	1.881424866e-05	0.0008193393598	0.007481507858	0.01552888454	0.03239283463	0.001090586318	0.009332388215	0.2893752917	27.14255554	1329327.786	41562353.36	nan	nan	nan	nan	nan	nan	|	BBGcg0_tap_0001	093438	BBGcg0_tap_0011	092504	arc_length	200	0.03835512771	0.21109314	11.81086829	6748143.788	125855092.4	30.15674067	-0.06040152229	0.06040152229	0	nan	nan
30	BBGcg0_tap_0011	092504	-0.0001980229227	0.01861278546	0.02435337608	1.881424866e-05	0.0008193393598	0.007481507858	0.01552888454	0.03239283463	0.001090586318	0.009332388215	0.2893752917	27.14255554	1329327.786	41562353.36	nan	nan	nan	nan	nan	nan	|	BBGcg0_tap_0001	093438	BBGcg0_tap_0011	092504	arc_length	200	0.03835512771	0.21109314	11.81086829	6748143.788	125855092.4	30.36762697	-0.04626237447	0.04626237447	1.201638219e-06	nan	nan
30	BBGcg0_tap_0011	092504	-0.0001980229227	0.01861278546	0.02435337608	1.881424866e-05	0.0008193393598	0.007481507858	0.01552888454	0.03239283463	0.001090586318	0.009332388215	0.2893752917	27.14255554	1329327.786	41562353.36	nan	nan	nan	nan	nan	nan	|	BBGcg0_tap_0001	093438	BBGcg0_tap_0011	092504	arc_length	200	0.03835512771	0.21109314	11.81086829	6748143.788	125855092.4	30.57851327	-0.03215092425	0.03215092425	9.613105749e-06	nan	nan
30	BBGcg0_tap_0011	092504	-0.0001980229227	0.01861278546	0.02435337608	1.881424866e-05	0.0008193393598	0.007481507858	0.01552888454	0.03239283463	0.001090586318	0.009332388215	0.2893752917	27.14255554	1329327.786	41562353.36	nan	nan	nan	nan	nan	nan	|	BBGcg0_tap_0001	093438	BBGcg0_tap_0011	092504	arc_length	200	0.03835512771	0.21109314	11.81086829	6748143.788	125855092.4	30.78939957	-0.02517212977	0.02517212977	3.24442319e-05	nan	nan
30	BBGcg0_tap_0011	092504	-0.0001980229227	0.01861278546	0.02435337608	1.881424866e-05	0.0008193393598	0.007481507858	0.01552888454	0.03239283463	0.001090586318	0.009332388215	0.2893752917	27.14255554	1329327.786	41562353.36	nan	nan	nan	nan	nan	nan	|	BBGcg0_tap_0001	093438	BBGcg0_tap_0011	092504	arc_length	200	0.03835512771	0.21109314	11.81086829	6748143.788	125855092.4	31.00028587	-0.01101517405	0.01101517405	7.690484599e-05	nan	nan
30	BBGcg0_tap_0011	092504	-0.0001980229227	0.01861278546	0.02435337608	1.881424866e-05	0.0008193393598	0.007481507858	0.01552888454	0.03239283463	0.001090586318	0.009332388215	0.2893752917	27.14255554	1329327.786	41562353.36	nan	nan	nan	nan	nan	nan	|	BBGcg0_tap_0001	093438	BBGcg0_tap_0011	092504	arc_length	200	0.03835512771	0.21109314	11.81086829	6748143.788	125855092.4	31.21117217	0.003123227579	0.003123227579	0.0001502047773	nan	nan
30	BBGcg0_tap_0011	092504	-0.0001980229227	0.01861278546	0.02435337608	1.881424866e-05	0.0008193393598	0.007481507858	0.01552888454	0.03239283463	0.001090586318	0.009332388215	0.2893752917	27.14255554	1329327.786	41562353.36	nan	nan	nan	nan	nan	nan	|	BBGcg0_tap_0001	093438	BBGcg0_tap_0011	092504	arc_length	200	0.03835512771	0.21109314	11.81086829	6748143.788	125855092.4	31.42205846	-0.008364671671	0.008364671671	0.0002595538552	nan	nan
30	BBGcg0_tap_0011	092504	-0.0001980229227	0.01861278546	0.02435337608	1.881424866e-05	0.0008193393598	0.007481507858	0.01552888454	0.03239283463	0.001090586318	0.009332388215	0.2893752917	27.14255554	1329327.786	41562353.36	nan	nan	nan	nan	nan	nan	|	BBGcg0_tap_0001	093438	BBGcg0_tap_0011	092504	arc_length	200	0.03835512771	0.21109314	11.81086829	6748143.788	125855092.4	31.63294476	-0.04129968055	0.04129968055	0.000412161909	nan	nan
30	BBGcg0_tap_0011	092504	-0.0001980229227	0.01861278546	0.02435337608	1.881424866e-05	0.0008193393598	0.007481507858	0.01552888454	0.03239283463	0.001090586318	0.009332388215	0.2893752917	27.14255554	1329327.786	41562353.36	nan	nan	nan	nan	nan	nan	|	BBGcg0_tap_0001	093438	BBGcg0_tap_0011	092504	arc_length	200	0.03835512771	0.21109314	11.81086829	6748143.788	125855092.4	31.84383106	-0.06748234976	0.06748234976	0.0006152387679	nan	nan
30	BBGcg0_tap_0011	092504	-0.0001980229227	0.01861278546	0.02435337608	1.881424866e-05	0.0008193393598	0.007481507858	0.01552888454	0.03239283463	0.001090586318	0.009332388215	0.2893752917	27.14255554	1329327.786	41562353.36	nan	nan	nan	nan	nan	nan	|	BBGcg0_tap_0001	093438	BBGcg0_tap_0011	092504	arc_length	200	0.03835512771	0.21109314	11.81086829	6748143.788	125855092.4	32.05471736	-0.07435002803	0.07435002803	0.0008759942614	nan	nan
30	BBGcg0_tap_0011	092504	-0.0001980229227	0.01861278546	0.02435337608	1.881424866e-05	0.0008193393598	0.007481507858	0.01552888454	0.03239283463	0.001090586318	0.009332388215	0.2893752917	27.14255554	1329327.786	41562353.36	nan	nan	nan	nan	nan	nan	|	BBGcg0_tap_0001	093438	BBGcg0_tap_0011	092504	arc_length	200	0.03835512771	0.21109314	11.81086829	6748143.788	125855092.4	32.26560366	-0.08121770629	0.08121770629	0.001201638219	nan	nan
30	BBGcg0_tap_0011	092504	-0.0001980229227	0.01861278546	0.02435337608	1.881424866e-05	0.0008193393598	0.007481507858	0.01552888454	0.03239283463	0.001090586318	0.009332388215	0.2893752917	27.14255554	1329327.786	41562353.36	nan	nan	nan	nan	nan	nan	|	BBGcg0_tap_0001	093438	BBGcg0_tap_0011	092504	arc_length	200	0.03835512771	0.21109314	11.81086829	6748143.788	125855092.4	32.47648996	-0.07686283518	0.07686283518	0.001599380469	nan	nan
30	BBGcg0_tap_0011	092504	-0.0001980229227	0.01861278546	0.02435337608	1.881424866e-05	0.0008193393598	0.007481507858	0.01552888454	0.03239283463	0.001090586318	0.009332388215	0.2893752917	27.14255554	1329327.786	41562353.36	nan	nan	nan	nan	nan	nan	|	BBGcg0_tap_0001	093438	BBGcg0_tap_0011	092504	arc_length	200	0.03835512771	0.21109314	11.81086829	6748143.788	125855092.4	32.68737625	-0.06272368736	0.06272368736	0.002076430842	nan	nan
30	BBGcg0_tap_0011	092504	-0.0001980229227	0.01861278546	0.02435337608	1.881424866e-05	0.0008193393598	0.007481507858	0.01552888454	0.03239283463	0.001090586318	0.009332388215	0.2893752917	27.14255554	1329327.786	41562353.36	nan	nan	nan	nan	nan	nan	|	BBGcg0_tap_0001	093438	BBGcg0_tap_0011	092504	arc_length	200	0.03835512771	0.21109314	11.81086829	6748143.788	125855092.4	32.89826255	-0.04858453955	0.04858453955	0.002639999166	nan	nan
30	BBGcg0_tap_0011	092504	-0.0001980229227	0.01861278546	0.02435337608	1.881424866e-05	0.0008193393598	0.007481507858	0.01552888454	0.03239283463	0.001090586318	0.009332388215	0.2893752917	27.14255554	1329327.786	41562353.36	nan	nan	nan	nan	nan	nan	|	BBGcg0_tap_0001	093438	BBGcg0_tap_0011	092504	arc_length	200	0.03835512771	0.21109314	11.81086829	6748143.788	125855092.4	33.10914885	-0.04475656547	0.04475656547	0.003297295272	nan	nan
30	BBGcg0_tap_0011	092504	-0.0001980229227	0.01861278546	0.02435337608	1.881424866e-05	0.0008193393598	0.007481507858	0.01552888454	0.03239283463	0.001090586318	0.009332388215	0.2893752917	27.14255554	1329327.786	41562353.36	nan	nan	nan	nan	nan	nan	|	BBGcg0_tap_0001	093438	BBGcg0_tap_0011	092504	arc_length	200	0.03835512771	0.21109314	11.81086829	6748143.788	125855092.4	33.32003515	-0.05162424373	0.05162424373	0.004055528988	nan	nan
30	BBGcg0_tap_0011	092504	-0.0001980229227	0.01861278546	0.02435337608	1.881424866e-05	0.0008193393598	0.007481507858	0.01552888454	0.03239283463	0.001090586318	0.009332388215	0.2893752917	27.14255554	1329327.786	41562353.36	nan	nan	nan	nan	nan	nan	|	BBGcg0_tap_0001	093438	BBGcg0_tap_0011	092504	arc_length	200	0.03835512771	0.21109314	11.81086829	6748143.788	125855092.4	33.53092145	-0.05849192199	0.05849192199	0.004921910143	nan	nan
30	BBGcg0_tap_0011	092504	-0.0001980229227	0.01861278546	0.02435337608	1.881424866e-05	0.0008193393598	0.007481507858	0.01552888454	0.03239283463	0.001090586318	0.009332388215	0.2893752917	27.14255554	1329327.786	41562353.36	nan	nan	nan	nan	nan	nan	|	BBGcg0_tap_0001	093438	BBGcg0_tap_0011	092504	arc_length	200	0.03835512771	0.21109314	11.81086829	6748143.788	125855092.4	33.74180775	-0.06535960025	0.06535960025	0.005903648568	nan	nan
30	BBGcg0_tap_0011	092504	-0.0001980229227	0.01861278546	0.02435337608	1.881424866e-05	0.0008193393598	0.007481507858	0.01552888454	0.03239283463	0.001090586318	0.009332388215	0.2893752917	27.14255554	1329327.786	41562353.36	nan	nan	nan	nan	nan	nan	|	BBGcg0_tap_0001	093438	BBGcg0_tap_0011	092504	arc_length	200	0.03835512771	0.21109314	11.81086829	6748143.788	125855092.4	33.95269404	-0.07222727852	0.07222727852	0.007007954091	nan	nan
30	BBGcg0_tap_0011	092504	-0.0001980229227	0.01861278546	0.02435337608	1.881424866e-05	0.0008193393598	0.007481507858	0.01552888454	0.03239283463	0.001090586318	0.009332388215	0.2893752917	27.14255554	1329327.786	41562353.36	nan	nan	nan	nan	nan	nan	|	BBGcg0_tap_0001	093438	BBGcg0_tap_0011	092504	arc_length	200	0.03835512771	0.21109314	11.81086829	6748143.788	125855092.4	34.16358034	-0.07909495678	0.07909495678	0.008242036542	nan	nan
30	BBGcg0_tap_0011	092504	-0.0001980229227	0.01861278546	0.02435337608	1.881424866e-05	0.0008193393598	0.007481507858	0.01552888454	0.03239283463	0.001090586318	0.009332388215	0.2893752917	27.14255554	1329327.786	41562353.36	nan	nan	nan	nan	nan	nan	|	BBGcg0_tap_0001	093438	BBGcg0_tap_0011	092504	arc_length	200	0.03835512771	0.21109314	11.81086829	6748143.788	125855092.4	34.37446664	-0.08602615717	0.08602615717	0.009613105749	nan	nan
30	BBGcg0_tap_0011	092504	-0.0001980229227	0.01861278546	0.02435337608	1.881424866e-05	0.0008193393598	0.007481507858	0.01552888454	0.03239283463	0.001090586318	0.009332388215	0.2893752917	27.14255554	1329327.786	41562353.36	nan	nan	nan	nan	nan	nan	|	BBGcg0_tap_0001	093438	BBGcg0_tap_0011	092504	arc_length	200	0.03835512771	0.21109314	11.81086829	6748143.788	125855092.4	34.58535294	-0.0895159982	0.0895159982	0.01112837154	nan	nan
30	BBGcg0_tap_0011	092504	-0.0001980229227	0.01861278546	0.02435337608	1.881424866e-05	0.0008193393598	0.007481507858	0.01552888454	0.03239283463	0.001090586318	0.009332388215	0.2893752917	27.14255554	1329327.786	41562353.36	nan	nan	nan	nan	nan	nan	|	BBGcg0_tap_0001	093438	BBGcg0_tap_0011	092504	arc_length	200	0.03835512771	0.21109314	11.81086829	6748143.788	125855092.4	34.79623924	-0.07891652581	0.07891652581	0.01279504375	nan	nan
30	BBGcg0_tap_0011	092504	-0.0001980229227	0.01861278546	0.02435337608	1.881424866e-05	0.0008193393598	0.007481507858	0.01552888454	0.03239283463	0.001090586318	0.009332388215	0.2893752917	27.14255554	1329327.786	41562353.36	nan	nan	nan	nan	nan	nan	|	BBGcg0_tap_0001	093438	BBGcg0_tap_0011	092504	arc_length	200	0.03835512771	0.21109314	11.81086829	6748143.788	125855092.4	35.00712554	-0.06825670766	0.06825670766	0.01462033221	nan	nan
30	BBGcg0_tap_0011	092504	-0.0001980229227	0.01861278546	0.02435337608	1.881424866e-05	0.0008193393598	0.007481507858	0.01552888454	0.03239283463	0.001090586318	0.009332388215	0.2893752917	27.14255554	1329327.786	41562353.36	nan	nan	nan	nan	nan	nan	|	BBGcg0_tap_0001	093438	BBGcg0_tap_0011	092504	arc_length	200	0.03835512771	0.21109314	11.81086829	6748143.788	125855092.4	35.21801183	-0.05759918979	0.05759918979	0.01661144673	nan	nan
30	BBGcg0_tap_0011	092504	-0.0001980229227	0.01861278546	0.02435337608	1.881424866e-05	0.0008193393598	0.007481507858	0.01552888454	0.03239283463	0.001090586318	0.009332388215	0.2893752917	27.14255554	1329327.786	41562353.36	nan	nan	nan	nan	nan	nan	|	BBGcg0_tap_0001	093438	BBGcg0_tap_0011	092504	arc_length	200	0.03835512771	0.21109314	11.81086829	6748143.788	125855092.4	35.42889813	-0.04605877602	0.04605877602	0.01877559717	nan	nan
30	BBGcg0_tap_0011	092504	-0.0001980229227	0.01861278546	0.02435337608	1.881424866e-05	0.0008193393598	0.007481507858	0.01552888454	0.03239283463	0.001090586318	0.009332388215	0.2893752917	27.14255554	1329327.786	41562353.36	nan	nan	nan	nan	nan	nan	|	BBGcg0_tap_0001	093438	BBGcg0_tap_0011	092504	arc_length	200	0.03835512771	0.21109314	11.81086829	6748143.788	125855092.4	35.63978443	-0.03381726122	0.03381726122	0.02111999333	nan	nan
30	BBGcg0_tap_0011	092504	-0.0001980229227	0.01861278546	0.02435337608	1.881424866e-05	0.0008193393598	0.007481507858	0.01552888454	0.03239283463	0.001090586318	0.009332388215	0.2893752917	27.14255554	1329327.786	41562353.36	nan	nan	nan	nan	nan	nan	|	BBGcg0_tap_0001	093438	BBGcg0_tap_0011	092504	arc_length	200	0.03835512771	0.21109314	11.81086829	6748143.788	125855092.4	35.85067073	-0.02155559004	0.02155559004	0.02365184506	nan	nan
30	BBGcg0_tap_0011	092504	-0.0001980229227	0.01861278546	0.02435337608	1.881424866e-05	0.0008193393598	0.007481507858	0.01552888454	0.03239283463	0.001090586318	0.009332388215	0.2893752917	27.14255554	1329327.786	41562353.36	nan	nan	nan	nan	nan	nan	|	BBGcg0_tap_0001	093438	BBGcg0_tap_0011	092504	arc_length	200	0.03835512771	0.21109314	11.81086829	6748143.788	125855092.4	36.06155703	-0.01328341345	0.01328341345	0.02637836218	nan	nan
30	BBGcg0_tap_0011	092504	-0.0001980229227	0.01861278546	0.02435337608	1.881424866e-05	0.0008193393598	0.007481507858	0.01552888454	0.03239283463	0.001090586318	0.009332388215	0.2893752917	27.14255554	1329327.786	41562353.36	nan	nan	nan	nan	nan	nan	|	BBGcg0_tap_0001	093438	BBGcg0_tap_0011	092504	arc_length	200	0.03835512771	0.21109314	11.81086829	6748143.788	125855092.4	36.27244333	-0.0200467394	0.0200467394	0.02930675451	nan	nan
30	BBGcg0_tap_0011	092504	-0.0001980229227	0.01861278546	0.02435337608	1.881424866e-05	0.0008193393598	0.007481507858	0.01552888454	0.03239283463	0.001090586318	0.009332388215	0.2893752917	27.14255554	1329327.786	41562353.36	nan	nan	nan	nan	nan	nan	|	BBGcg0_tap_0001	093438	BBGcg0_tap_0011	092504	arc_length	200	0.03835512771	0.21109314	11.81086829	6748143.788	125855092.4	36.48332963	-0.02691441767	0.02691441767	0.0324442319	nan	nan
30	BBGcg0_tap_0011	092504	-0.0001980229227	0.01861278546	0.02435337608	1.881424866e-05	0.0008193393598	0.007481507858	0.01552888454	0.03239283463	0.001090586318	0.009332388215	0.2893752917	27.14255554	1329327.786	41562353.36	nan	nan	nan	nan	nan	nan	|	BBGcg0_tap_0001	093438	BBGcg0_tap_0011	092504	arc_length	200	0.03835512771	0.21109314	11.81086829	6748143.788	125855092.4	36.69421592	-0.03378209593	0.03378209593	0.03579800417	nan	nan
30	BBGcg0_tap_0011	092504	-0.0001980229227	0.01861278546	0.02435337608	1.881424866e-05	0.0008193393598	0.007481507858	0.01552888454	0.03239283463	0.001090586318	0.009332388215	0.2893752917	27.14255554	1329327.786	41562353.36	nan	nan	nan	nan	nan	nan	|	BBGcg0_tap_0001	093438	BBGcg0_tap_0011	092504	arc_length	200	0.03835512771	0.21109314	11.81086829	6748143.788	125855092.4	36.90510222	-0.04064977419	0.04064977419	0.03937528115	nan	nan
30	BBGcg0_tap_0011	092504	-0.0001980229227	0.01861278546	0.02435337608	1.881424866e-05	0.0008193393598	0.007481507858	0.01552888454	0.03239283463	0.001090586318	0.009332388215	0.2893752917	27.14255554	1329327.786	41562353.36	nan	nan	nan	nan	nan	nan	|	BBGcg0_tap_0001	093438	BBGcg0_tap_0011	092504	arc_length	200	0.03835512771	0.21109314	11.81086829	6748143.788	125855092.4	37.11598852	-0.04751745245	0.04751745245	0.04318327266	nan	nan
30	BBGcg0_tap_0011	092504	-0.0001980229227	0.01861278546	0.02435337608	1.881424866e-05	0.0008193393598	0.007481507858	0.01552888454	0.03239283463	0.001090586318	0.009332388215	0.2893752917	27.14255554	1329327.786	41562353.36	nan	nan	nan	nan	nan	nan	|	BBGcg0_tap_0001	093438	BBGcg0_tap_0011	092504	arc_length	200	0.03835512771	0.21109314	11.81086829	6748143.788	125855092.4	37.32687482	-0.05438513072	0.05438513072	0.04722918854	nan	nan
30	BBGcg0_tap_0011	092504	-0.0001980229227	0.01861278546	0.02435337608	1.881424866e-05	0.0008193393598	0.007481507858	0.01552888454	0.03239283463	0.001090586318	0.009332388215	0.2893752917	27.14255554	1329327.786	41562353.36	nan	nan	nan	nan	nan	nan	|	BBGcg0_tap_0001	093438	BBGcg0_tap_0011	092504	arc_length	200	0.03835512771	0.21109314	11.81086829	6748143.788	125855092.4	37.53776112	-0.06125280898	0.06125280898	0.05152023862	nan	nan
30	BBGcg0_tap_0011	092504	-0.0001980229227	0.01861278546	0.02435337608	1.881424866e-05	0.0008193393598	0.007481507858	0.01552888454	0.03239283463	0.001090586318	0.009332388215	0.2893752917	27.14255554	1329327.786	41562353.36	nan	nan	nan	nan	nan	nan	|	BBGcg0_tap_0001	093438	BBGcg0_tap_0011	092504	arc_length	200	0.03835512771	0.21109314	11.81086829	6748143.788	125855092.4	37.74864742	-0.06812048724	0.06812048724	0.05606363273	nan	nan
30	BBGcg0_tap_0011	092504	-0.0001980229227	0.01861278546	0.02435337608	1.881424866e-05	0.0008193393598	0.007481507858	0.01552888454	0.03239283463	0.001090586318	0.009332388215	0.2893752917	27.14255554	1329327.786	41562353.36	nan	nan	nan	nan	nan	nan	|	BBGcg0_tap_0001	093438	BBGcg0_tap_0011	092504	arc_length	200	0.03835512771	0.21109314	11.81086829	6748143.788	125855092.4	37.95953371	-0.07471937627	0.07471937627	0.06086658069	nan	nan
30	BBGcg0_tap_0011	092504	-0.0001980229227	0.01861278546	0.02435337608	1.881424866e-05	0.0008193393598	0.007481507858	0.01552888454	0.03239283463	0.001090586318	0.009332388215	0.2893752917	27.14255554	1329327.786	41562353.36	nan	nan	nan	nan	nan	nan	|	BBGcg0_tap_0001	093438	BBGcg0_tap_0011	092504	arc_length	200	0.03835512771	0.21109314	11.81086829	6748143.788	125855092.4	38.17042001	-0.1002537638	0.1002537638	0.06593629233	nan	nan
30	BBGcg0_tap_0011	092504	-0.0001980229227	0.01861278546	0.02435337608	1.881424866e-05	0.0008193393598	0.007481507858	0.01552888454	0.03239283463	0.001090586318	0.009332388215	0.2893752917	27.14255554	1329327.786	41562353.36	nan	nan	nan	nan	nan	nan	|	BBGcg0_tap_0001	093438	BBGcg0_tap_0011	092504	arc_length	200	0.03835512771	0.21109314	11.81086829	6748143.788	125855092.4	38.38130631	-0.1303621799	0.1303621799	0.07127997749	nan	nan
30	BBGcg0_tap_0011	092504	-0.0001980229227	0.01861278546	0.02435337608	1.881424866e-05	0.0008193393598	0.007481507858	0.01552888454	0.03239283463	0.001090586318	0.009332388215	0.2893752917	27.14255554	1329327.786	41562353.36	nan	nan	nan	nan	nan	nan	|	BBGcg0_tap_0001	093438	BBGcg0_tap_0011	092504	arc_length	200	0.03835512771	0.21109314	11.81086829	6748143.788	125855092.4	38.59219261	-0.1576968904	0.1576968904	0.07690484599	nan	nan
30	BBGcg0_tap_0011	092504	-0.0001980229227	0.01861278546	0.02435337608	1.881424866e-05	0.0008193393598	0.007481507858	0.01552888454	0.03239283463	0.001090586318	0.009332388215	0.2893752917	27.14255554	1329327.786	41562353.36	nan	nan	nan	nan	nan	nan	|	BBGcg0_tap_0001	093438	BBGcg0_tap_0011	092504	arc_length	200	0.03835512771	0.21109314	11.81086829	6748143.788	125855092.4	38.80307891	-0.1428604058	0.1428604058	0.08281810767	nan	nan
30	BBGcg0_tap_0011	092504	-0.0001980229227	0.01861278546	0.02435337608	1.881424866e-05	0.0008193393598	0.007481507858	0.01552888454	0.03239283463	0.001090586318	0.009332388215	0.2893752917	27.14255554	1329327.786	41562353.36	nan	nan	nan	nan	nan	nan	|	BBGcg0_tap_0001	093438	BBGcg0_tap_0011	092504	arc_length	200	0.03835512771	0.21109314	11.81086829	6748143.788	125855092.4	39.01396521	-0.1287485831	0.1287485831	0.08902697234	nan	nan
30	BBGcg0_tap_0011	092504	-0.0001980229227	0.01861278546	0.02435337608	1.881424866e-05	0.0008193393598	0.007481507858	0.01552888454	0.03239283463	0.001090586318	0.009332388215	0.2893752917	27.14255554	1329327.786	41562353.36	nan	nan	nan	nan	nan	nan	|	BBGcg0_tap_0001	093438	BBGcg0_tap_0011	092504	arc_length	200	0.03835512771	0.21109314	11.81086829	6748143.788	125855092.4	39.2248515	-0.1159715277	0.1159715277	0.09553864985	nan	nan
30	BBGcg0_tap_0011	092504	-0.0001980229227	0.01861278546	0.02435337608	1.881424866e-05	0.0008193393598	0.007481507858	0.01552888454	0.03239283463	0.001090586318	0.009332388215	0.2893752917	27.14255554	1329327.786	41562353.36	nan	nan	nan	nan	nan	nan	|	BBGcg0_tap_0001	093438	BBGcg0_tap_0011	092504	arc_length	200	0.03835512771	0.21109314	11.81086829	6748143.788	125855092.4	39.4357378	-0.1230619133	0.1230619133	0.10236035	nan	nan
30	BBGcg0_tap_0011	092504	-0.0001980229227	0.01861278546	0.02435337608	1.881424866e-05	0.0008193393598	0.007481507858	0.01552888454	0.03239283463	0.001090586318	0.009332388215	0.2893752917	27.14255554	1329327.786	41562353.36	nan	nan	nan	nan	nan	nan	|	BBGcg0_tap_0001	093438	BBGcg0_tap_0011	092504	arc_length	200	0.03835512771	0.21109314	11.81086829	6748143.788	125855092.4	39.6466241	-0.1299295916	0.1299295916	0.1094992827	nan	nan
30	BBGcg0_tap_0011	092504	-0.0001980229227	0.01861278546	0.02435337608	1.881424866e-05	0.0008193393598	0.007481507858	0.01552888454	0.03239283463	0.001090586318	0.009332388215	0.2893752917	27.14255554	1329327.786	41562353.36	nan	nan	nan	nan	nan	nan	|	BBGcg0_tap_0001	093438	BBGcg0_tap_0011	092504	arc_length	200	0.03835512771	0.21109314	11.81086829	6748143.788	125855092.4	39.8575104	-0.1367972699	0.1367972699	0.1169626576	nan	nan
30	BBGcg0_tap_0011	092504	-0.0001980229227	0.01861278546	0.02435337608	1.881424866e-05	0.0008193393598	0.007481507858	0.01552888454	0.03239283463	0.001090586318	0.009332388215	0.2893752917	27.14255554	1329327.786	41562353.36	nan	nan	nan	nan	nan	nan	|	BBGcg0_tap_0001	093438	BBGcg0_tap_0011	092504	arc_length	200	0.03835512771	0.21109314	11.81086829	6748143.788	125855092.4	40.0683967	-0.1436649481	0.1436649481	0.1247576848	nan	nan
30	BBGcg0_tap_0011	092504	-0.0001980229227	0.01861278546	0.02435337608	1.881424866e-05	0.0008193393598	0.007481507858	0.01552888454	0.03239283463	0.001090586318	0.009332388215	0.2893752917	27.14255554	1329327.786	41562353.36	nan	nan	nan	nan	nan	nan	|	BBGcg0_tap_0001	093438	BBGcg0_tap_0011	092504	arc_length	200	0.03835512771	0.21109314	11.81086829	6748143.788	125855092.4	40.279283	-0.1505326264	0.1505326264	0.1328915739	nan	nan
30	BBGcg0_tap_0011	092504	-0.0001980229227	0.01861278546	0.02435337608	1.881424866e-05	0.0008193393598	0.007481507858	0.01552888454	0.03239283463	0.001090586318	0.009332388215	0.2893752917	27.14255554	1329327.786	41562353.36	nan	nan	nan	nan	nan	nan	|	BBGcg0_tap_0001	093438	BBGcg0_tap_0011	092504	arc_length	200	0.03835512771	0.21109314	11.81086829	6748143.788	125855092.4	40.4901693	-0.1574003047	0.1574003047	0.1413715348	nan	nan
30	BBGcg0_tap_0011	092504	-0.0001980229227	0.01861278546	0.02435337608	1.881424866e-05	0.0008193393598	0.007481507858	0.01552888454	0.03239283463	0.001090586318	0.009332388215	0.2893752917	27.14255554	1329327.786	41562353.36	nan	nan	nan	nan	nan	nan	|	BBGcg0_tap_0001	093438	BBGcg0_tap_0011	092504	arc_length	200	0.03835512771	0.21109314	11.81086829	6748143.788	125855092.4	40.70105559	-0.1642679829	0.1642679829	0.1502047773	nan	nan
30	BBGcg0_tap_0011	092504	-0.0001980229227	0.01861278546	0.02435337608	1.881424866e-05	0.0008193393598	0.007481507858	0.01552888454	0.03239283463	0.001090586318	0.009332388215	0.2893752917	27.14255554	1329327.786	41562353.36	nan	nan	nan	nan	nan	nan	|	BBGcg0_tap_0001	093438	BBGcg0_tap_0011	092504	arc_length	200	0.03835512771	0.21109314	11.81086829	6748143.788	125855092.4	40.91194189	-0.1708358827	0.1708358827	0.1593985113	nan	nan
30	BBGcg0_tap_0011	092504	-0.0001980229227	0.01861278546	0.02435337608	1.881424866e-05	0.0008193393598	0.007481507858	0.01552888454	0.03239283463	0.001090586318	0.009332388215	0.2893752917	27.14255554	1329327.786	41562353.36	nan	nan	nan	nan	nan	nan	|	BBGcg0_tap_0001	093438	BBGcg0_tap_0011	092504	arc_length	200	0.03835512771	0.21109314	11.81086829	6748143.788	125855092.4	41.12282819	-0.1540940934	0.1540940934	0.1689599466	nan	nan
30	BBGcg0_tap_0011	092504	-0.0001980229227	0.01861278546	0.02435337608	1.881424866e-05	0.0008193393598	0.007481507858	0.01552888454	0.03239283463	0.001090586318	0.009332388215	0.2893752917	27.14255554	1329327.786	41562353.36	nan	nan	nan	nan	nan	nan	|	BBGcg0_tap_0001	093438	BBGcg0_tap_0011	092504	arc_length	200	0.03835512771	0.21109314	11.81086829	6748143.788	125855092.4	41.33371449	-0.1350849963	0.1350849963	0.1788962931	nan	nan
30	BBGcg0_tap_0011	092504	-0.0001980229227	0.01861278546	0.02435337608	1.881424866e-05	0.0008193393598	0.007481507858	0.01552888454	0.03239283463	0.001090586318	0.009332388215	0.2893752917	27.14255554	1329327.786	41562353.36	nan	nan	nan	nan	nan	nan	|	BBGcg0_tap_0001	093438	BBGcg0_tap_0011	092504	arc_length	200	0.03835512771	0.21109314	11.81086829	6748143.788	125855092.4	41.54460079	-0.1276285159	0.1276285159	0.1892147605	nan	nan
30	nan	nan	nan	nan	nan	nan	nan	nan	nan	nan	nan	nan	nan	nan	nan	nan	nan	nan	nan	nan	nan	nan	|	BBGcg0_tap_0001	093438	BBGcg0_tap_0011	092504	arc_length	200	0.03835512771	0.21109314	11.81086829	6748143.788	125855092.4	41.75548709	-0.1347443742	0.1347443742	0.1999225586	nan	nan
30	nan	nan	nan	nan	nan	nan	nan	nan	nan	nan	nan	nan	nan	nan	nan	nan	nan	nan	nan	nan	nan	nan	|	BBGcg0_tap_0001	093438	BBGcg0_tap_0011	092504	arc_length	200	0.03835512771	0.21109314	11.81086829	6748143.788	125855092.4	41.96637338	-0.1416120525	0.1416120525	0.2110268974	nan	nan
