x_split	fit_v1_file_name	fit_v1_file_time	fit_v1_parabola_a	fit_v1_parabola_b	fit_v1_parabola_c	fit_v1_parabola_a_err	fit_v1_parabola_b_err	fit_v1_parabola_c_err	fit_v1_line_m	fit_v1_line_q	fit_v1_line_m_err	fit_v1_line_q_err	fit_v1_d0	fit_v1_L	fit_v1_d0_err	fit_v1_L_err	fit_v1_x	fit_v1_d_signed	fit_v1_d_abs	fit_v1_d_fit	fit_v1_theta_x	fit_v1_theta	|	direct_pre_file_name	direct_pre_file_time	direct_post_file_name	direct_post_file_time	direct_sample_method	direct_n_samples	direct_registration_rmse	direct_d0	direct_L	direct_d0_err	direct_L_err	direct_x	direct_d_signed	direct_d_abs	direct_d_fit	direct_theta_x	direct_theta
25	cg24_push_0014	125711	-0.0003230398085	0.04812323397	0.01750477209	2.029290908e-05	0.000844767057	0.007340527883	0.04149192593	0.03788783191	0.0006185553506	0.007043420196	0.3527010461	19.7578129	7946156.171	148377475.3	0	-0.03788783191	0.03788783191	0	20.446173	0	|	cg24_push_0000	124358	cg24_push_0014	125711	arc_length	200	0.02847059424	0.3642246139	15.18486423	7747592.669	107668127.2	0	-0.04609308753	0.04609308753	0	25.10072424	0
25	cg24_push_0014	125711	-0.0003230398085	0.04812323397	0.01750477209	2.029290908e-05	0.000844767057	0.007340527883	0.04149192593	0.03788783191	0.0006185553506	0.007043420196	0.3527010461	19.7578129	7946156.171	148377475.3	0.41445	-0.05508416061	0.05508416061	0	20.998772	0.002400237509	|	cg24_push_0000	124358	cg24_push_0014	125711	arc_length	200	0.02847059424	0.3642246139	15.18486423	7747592.669	107668127.2	0.2024251955	-0.05511628449	0.05511628449	0	25.30314944	0.0007326719644
25	cg24_push_0014	125711	-0.0003230398085	0.04812323397	0.01750477209	2.029290908e-05	0.000844767057	0.007340527883	0.04149192593	0.03788783191	0.0006185553506	0.007043420196	0.3527010461	19.7578129	7946156.171	148377475.3	0.782849	0.02173025537	0.02173025537	0	21.505322	0.008817554381	|	cg24_push_0000	124358	cg24_push_0014	125711	arc_length	200	0.02847059424	0.3642246139	15.18486423	7747592.669	107668127.2	0.404850391	-0.06413948145	0.06413948145	0	25.50557463	0.002930687855
25	cg24_push_0014	125711	-0.0003230398085	0.04812323397	0.01750477209	2.029290908e-05	0.000844767057	0.007340527883	0.04149192593	0.03788783191	0.0006185553506	0.007043420196	0.3527010461	19.7578129	7946156.171	148377475.3	1.243349	0.002623223478	0.002623223478	0	22.057921	0.02041870952	|	cg24_push_0000	124358	cg24_push_0014	125711	arc_length	200	0.02847059424	0.3642246139	15.18486423	7747592.669	107668127.2	0.6072755865	-0.02618533525	0.02618533525	0	25.70799983	0.00659404765
25	cg24_push_0014	125711	-0.0003230398085	0.04812323397	0.01750477209	2.029290908e-05	0.000844767057	0.007340527883	0.04149192593	0.03788783191	0.0006185553506	0.007043420196	0.3527010461	19.7578129	7946156.171	148377475.3	1.749898	0.02765552989	0.02765552989	0	22.56447	0.03527018005	|	cg24_push_0000	124358	cg24_push_0014	125711	arc_length	200	0.02847059424	0.3642246139	15.18486423	7747592.669	107668127.2	0.809700782	0.01032797826	0.01032797826	0	25.91042502	0.01172275127
25	cg24_push_0014	125711	-0.0003230398085	0.04812323397	0.01750477209	2.029290908e-05	0.000844767057	0.007340527883	0.04149192593	0.03788783191	0.0006185553506	0.007043420196	0.3527010461	19.7578129	7946156.171	148377475.3	2.302497	0.004727133113	0.004727133113	0	23.07102	0.05415541492	|	cg24_push_0000	124358	cg24_push_0014	125711	arc_length	200	0.02847059424	0.3642246139	15.18486423	7747592.669	107668127.2	1.012125977	0.001304781298	0.001304781298	0	26.11285022	0.01831679849
25	cg24_push_0014	125711	-0.0003230398085	0.04812323397	0.01750477209	2.029290908e-05	0.000844767057	0.007340527883	0.04149192593	0.03788783191	0.0006185553506	0.007043420196	0.3527010461	19.7578129	7946156.171	148377475.3	2.855096	0.02784873634	0.02784873634	0	23.669669	0.08167478621	|	cg24_push_0000	124358	cg24_push_0014	125711	arc_length	200	0.02847059424	0.3642246139	15.18486423	7747592.669	107668127.2	1.214551173	-0.007592058871	0.007592058871	0	26.31527541	0.02637618886
25	cg24_push_0014	125711	-0.0003230398085	0.04812323397	0.01750477209	2.029290908e-05	0.000844767057	0.007340527883	0.04149192593	0.03788783191	0.0006185553506	0.007043420196	0.3527010461	19.7578129	7946156.171	148377475.3	3.453746	0.04905959488	0.04905959488	0	24.268318	0.1148279907	|	cg24_push_0000	124358	cg24_push_0014	125711	arc_length	200	0.02847059424	0.3642246139	15.18486423	7747592.669	107668127.2	1.416976368	0.01097695626	0.01097695626	0	26.51770061	0.03590092156
25	cg24_push_0014	125711	-0.0003230398085	0.04812323397	0.01750477209	2.029290908e-05	0.000844767057	0.007340527883	0.04149192593	0.03788783191	0.0006185553506	0.007043420196	0.3527010461	19.7578129	7946156.171	148377475.3	4.006345	-0.0199188019	0.0199188019	0	24.820917	0.1504313385	|	cg24_push_0000	124358	cg24_push_0014	125711	arc_length	200	0.02847059424	0.3642246139	15.18486423	7747592.669	107668127.2	1.619401564	0.04041067119	0.04041067119	0	26.7201258	0.04689099525
25	cg24_push_0014	125711	-0.0003230398085	0.04812323397	0.01750477209	2.029290908e-05	0.000844767057	0.007340527883	0.04149192593	0.03788783191	0.0006185553506	0.007043420196	0.3527010461	19.7578129	7946156.171	148377475.3	4.604994	0.001292098137	0.001292098137	0	25.373516	0.1908349932	|	cg24_push_0000	124358	cg24_push_0014	125711	arc_length	200	0.02847059424	0.3642246139	15.18486423	7747592.669	107668127.2	1.821826759	0.05751047991	0.05751047991	0	26.922551	0.05934640789
25	cg24_push_0014	125711	-0.0003230398085	0.04812323397	0.01750477209	2.029290908e-05	0.000844767057	0.007340527883	0.04149192593	0.03788783191	0.0006185553506	0.007043420196	0.3527010461	19.7578129	7946156.171	148377475.3	5.157593	-0.02163629864	0.02163629864	0	25.926116	0.2360389395	|	cg24_push_0000	124358	cg24_push_0014	125711	arc_length	200	0.02847059424	0.3642246139	15.18486423	7747592.669	107668127.2	2.024251955	0.04833613646	0.04833613646	0	27.1249762	0.0732671565
25	cg24_push_0014	125711	-0.0003230398085	0.04812323397	0.01750477209	2.029290908e-05	0.000844767057	0.007340527883	0.04149192593	0.03788783191	0.0006185553506	0.007043420196	0.3527010461	19.7578129	7946156.171	148377475.3	5.756243	-0.0004254400975	0.0004254400975	0	26.478715	0.2860428718	|	cg24_push_0000	124358	cg24_push_0014	125711	arc_length	200	0.02847059424	0.3642246139	15.18486423	7747592.669	107668127.2	2.22667715	0.0393129395	0.0393129395	0	27.32740139	0.08865323694
25	cg24_push_0014	125711	-0.0003230398085	0.04812323397	0.01750477209	2.029290908e-05	0.000844767057	0.007340527883	0.04149192593	0.03788783191	0.0006185553506	0.007043420196	0.3527010461	19.7578129	7946156.171	148377475.3	6.308842	-0.02335383687	0.02335383687	0	26.985264	0.336096361	|	cg24_push_0000	124358	cg24_push_0014	125711	arc_length	200	0.02847059424	0.3642246139	15.18486423	7747592.669	107668127.2	2.429102346	0.03969679896	0.03969679896	0	27.52982659	0.1055046436
25	cg24_push_0014	125711	-0.0003230398085	0.04812323397	0.01750477209	2.029290908e-05	0.000844767057	0.007340527883	0.04149192593	0.03788783191	0.0006185553506	0.007043420196	0.3527010461	19.7578129	7946156.171	148377475.3	6.815391	0.001678469538	0.001678469538	0	27.445764	0.3850993783	|	cg24_push_0000	124358	cg24_push_0014	125711	arc_length	200	0.02847059424	0.3642246139	15.18486423	7747592.669	107668127.2	2.631527541	0.04749858879	0.04749858879	0	27.73225178	0.1238213692
25	cg24_push_0014	125711	-0.0003230398085	0.04812323397	0.01750477209	2.029290908e-05	0.000844767057	0.007340527883	0.04149192593	0.03788783191	0.0006185553506	0.007043420196	0.3527010461	19.7578129	7946156.171	148377475.3	7.41404	0.02288936957	0.02288936957	0	27.906263	0.4374351974	|	cg24_push_0000	124358	cg24_push_0014	125711	arc_length	200	0.02847059424	0.3642246139	15.18486423	7747592.669	107668127.2	2.833952737	0.05530037862	0.05530037862	0	27.93467698	0.1436034043
25	cg24_push_0014	125711	-0.0003230398085	0.04812323397	0.01750477209	2.029290908e-05	0.000844767057	0.007340527883	0.04149192593	0.03788783191	0.0006185553506	0.007043420196	0.3527010461	19.7578129	7946156.171	148377475.3	7.92059	0.001871634493	0.001871634493	0	28.366762	0.4931037022	|	cg24_push_0000	124358	cg24_push_0014	125711	arc_length	200	0.02847059424	0.3642246139	15.18486423	7747592.669	107668127.2	3.036377932	0.06204588074	0.06204588074	0	28.13710217	0.1648507371
25	cg24_push_0014	125711	-0.0003230398085	0.04812323397	0.01750477209	2.029290908e-05	0.000844767057	0.007340527883	0.04149192593	0.03788783191	0.0006185553506	0.007043420196	0.3527010461	19.7578129	7946156.171	148377475.3	8.473189	-0.02105676228	0.02105676228	0	28.827262	0.5521047608	|	cg24_push_0000	124358	cg24_push_0014	125711	arc_length	200	0.02847059424	0.3642246139	15.18486423	7747592.669	107668127.2	3.238803128	0.06855913367	0.06855913367	0	28.33952737	0.1875633529
25	cg24_push_0014	125711	-0.0003230398085	0.04812323397	0.01750477209	2.029290908e-05	0.000844767057	0.007340527883	0.04149192593	0.03788783191	0.0006185553506	0.007043420196	0.3527010461	19.7578129	7946156.171	148377475.3	9.025788	0.00206484094	0.00206484094	0	29.425911	0.6337874661	|	cg24_push_0000	124358	cg24_push_0014	125711	arc_length	200	0.02847059424	0.3642246139	15.18486423	7747592.669	107668127.2	3.441228323	0.07507238661	0.07507238661	0	28.54195256	0.2117412338
25	cg24_push_0014	125711	-0.0003230398085	0.04812323397	0.01750477209	2.029290908e-05	0.000844767057	0.007340527883	0.04149192593	0.03788783191	0.0006185553506	0.007043420196	0.3527010461	19.7578129	7946156.171	148377475.3	9.532338	0.02709710586	0.02709710586	0	29.88641	0.7004516903	|	cg24_push_0000	124358	cg24_push_0014	125711	arc_length	200	0.02847059424	0.3642246139	15.18486423	7747592.669	107668127.2	3.643653519	0.05401409719	0.05401409719	0	28.74437776	0.2373843582
25	cg24_push_0014	125711	-0.0003230398085	0.04812323397	0.01750477209	2.029290908e-05	0.000844767057	0.007340527883	0.04149192593	0.03788783191	0.0006185553506	0.007043420196	0.3527010461	19.7578129	7946156.171	148377475.3	10.038887	0.006079412273	0.006079412273	0	30.30086	0.7632977912	|	cg24_push_0000	124358	cg24_push_0014	125711	arc_length	200	0.02847059424	0.3642246139	15.18486423	7747592.669	107668127.2	3.846078714	0.02822825027	0.02822825027	0	28.94680295	0.2644927004
25	cg24_push_0014	125711	-0.0003230398085	0.04812323397	0.01750477209	2.029290908e-05	0.000844767057	0.007340527883	0.04149192593	0.03788783191	0.0006185553506	0.007043420196	0.3527010461	19.7578129	7946156.171	148377475.3	10.591486	-0.0168489845	0.0168489845	0	30.807409	0.8437732709	|	cg24_push_0000	124358	cg24_push_0014	125711	arc_length	200	0.02847059424	0.3642246139	15.18486423	7747592.669	107668127.2	4.04850391	0.006133453673	0.006133453673	0	29.14922815	0.2930662299
25	cg24_push_0014	125711	-0.0003230398085	0.04812323397	0.01750477209	2.029290908e-05	0.000844767057	0.007340527883	0.04149192593	0.03788783191	0.0006185553506	0.007043420196	0.3527010461	19.7578129	7946156.171	148377475.3	11.236185	0.002451212341	0.002451212341	0	31.360008	0.9361601426	|	cg24_push_0000	124358	cg24_push_0014	125711	arc_length	200	0.02847059424	0.3642246139	15.18486423	7747592.669	107668127.2	4.250929105	0.01264673245	0.01264673245	0	29.35165335	0.3231049112
25	cg24_push_0014	125711	-0.0003230398085	0.04812323397	0.01750477209	2.029290908e-05	0.000844767057	0.007340527883	0.04149192593	0.03788783191	0.0006185553506	0.007043420196	0.3527010461	19.7578129	7946156.171	148377475.3	11.834835	-0.02238792912	0.02238792912	0	31.958658	1.041656029	|	cg24_push_0000	124358	cg24_push_0014	125711	arc_length	200	0.02847059424	0.3642246139	15.18486423	7747592.669	107668127.2	4.453354301	0.01916001123	0.01916001123	0	29.55407854	0.354608703
25	cg24_push_0014	125711	-0.0003230398085	0.04812323397	0.01750477209	2.029290908e-05	0.000844767057	0.007340527883	0.04149192593	0.03788783191	0.0006185553506	0.007043420196	0.3527010461	19.7578129	7946156.171	148377475.3	12.387434	0.000733674107	0.000733674107	0	32.465207	1.135314833	|	cg24_push_0000	124358	cg24_push_0014	125711	arc_length	200	0.02847059424	0.3642246139	15.18486423	7747592.669	107668127.2	4.655779496	0.02337146035	0.02337146035	0	29.75650374	0.3875775574
25	cg24_push_0014	125711	-0.0003230398085	0.04812323397	0.01750477209	2.029290908e-05	0.000844767057	0.007340527883	0.04149192593	0.03788783191	0.0006185553506	0.007043420196	0.3527010461	19.7578129	7946156.171	148377475.3	12.940033	0.02385427733	0.02385427733	0	32.925706	1.223952683	|	cg24_push_0000	124358	cg24_push_0014	125711	arc_length	200	0.02847059424	0.3642246139	15.18486423	7747592.669	107668127.2	4.858204692	0.01434826339	0.01434826339	0	29.95892893	0.4220114199
25	cg24_push_0014	125711	-0.0003230398085	0.04812323397	0.01750477209	2.029290908e-05	0.000844767057	0.007340527883	0.04149192593	0.03788783191	0.0006185553506	0.007043420196	0.3527010461	19.7578129	7946156.171	148377475.3	13.492632	0.0009258805537	0.0009258805537	0	33.386206	1.315916784	|	cg24_push_0000	124358	cg24_push_0014	125711	arc_length	200	0.02847059424	0.3642246139	15.18486423	7747592.669	107668127.2	5.060629887	0.005327525288	0.005327525288	0	30.16135413	0.4579102282
25	cg24_push_0014	125711	-0.0003230398085	0.04812323397	0.01750477209	2.029290908e-05	0.000844767057	0.007340527883	0.04149192593	0.03788783191	0.0006185553506	0.007043420196	0.3527010461	19.7578129	7946156.171	148377475.3	14.045232	-0.02200255771	0.02200255771	0	33.938805	1.430662217	|	cg24_push_0000	124358	cg24_push_0014	125711	arc_length	200	0.02847059424	0.3642246139	15.18486423	7747592.669	107668127.2	5.263055083	0.001750261638	0.001750261638	0	30.36377932	0.4952739117
25	cg24_push_0014	125711	-0.0003230398085	0.04812323397	0.01750477209	2.029290908e-05	0.000844767057	0.007340527883	0.04149192593	0.03788783191	0.0006185553506	0.007043420196	0.3527010461	19.7578129	7946156.171	148377475.3	14.643881	-0.0007916576805	0.0007916576805	0	34.399304	1.529939068	|	cg24_push_0000	124358	cg24_push_0014	125711	arc_length	200	0.02847059424	0.3642246139	15.18486423	7747592.669	107668127.2	5.465480278	-0.01185879381	0.01185879381	0	30.56620452	0.5341023909
25	cg24_push_0014	125711	-0.0003230398085	0.04812323397	0.01750477209	2.029290908e-05	0.000844767057	0.007340527883	0.04149192593	0.03788783191	0.0006185553506	0.007043420196	0.3527010461	19.7578129	7946156.171	148377475.3	15.28858	0.01850853916	0.01850853916	0	34.859804	1.632537919	|	cg24_push_0000	124358	cg24_push_0014	125711	arc_length	200	0.02847059424	0.3642246139	15.18486423	7747592.669	107668127.2	5.667905474	-0.02555838994	0.02555838994	0	30.76862971	0.5743955766
25	cg24_push_0014	125711	-0.0003230398085	0.04812323397	0.01750477209	2.029290908e-05	0.000844767057	0.007340527883	0.04149192593	0.03788783191	0.0006185553506	0.007043420196	0.3527010461	19.7578129	7946156.171	148377475.3	15.979329	0.03589803282	0.03589803282	0	35.412403	1.760038735	|	cg24_push_0000	124358	cg24_push_0014	125711	arc_length	200	0.02847059424	0.3642246139	15.18486423	7747592.669	107668127.2	5.870330669	-0.03074260883	0.03074260883	0	30.97105491	0.616153369
25	cg24_push_0014	125711	-0.0003230398085	0.04812323397	0.01750477209	2.029290908e-05	0.000844767057	0.007340527883	0.04149192593	0.03788783191	0.0006185553506	0.007043420196	0.3527010461	19.7578129	7946156.171	148377475.3	16.531928	0.01296963604	0.01296963604	0	35.872902	1.869939242	|	cg24_push_0000	124358	cg24_push_0014	125711	arc_length	200	0.02847059424	0.3642246139	15.18486423	7747592.669	107668127.2	6.072755865	-0.0397578576	0.0397578576	0	31.17348011	0.6593756571
25	cg24_push_0014	125711	-0.0003230398085	0.04812323397	0.01750477209	2.029290908e-05	0.000844767057	0.007340527883	0.04149192593	0.03788783191	0.0006185553506	0.007043420196	0.3527010461	19.7578129	7946156.171	148377475.3	17.130577	-0.01186946392	0.01186946392	0	36.425502	2.006196966	|	cg24_push_0000	124358	cg24_push_0014	125711	arc_length	200	0.02847059424	0.3642246139	15.18486423	7747592.669	107668127.2	6.27518106	-0.04878105456	0.04878105456	0	31.3759053	0.7040623178
25	cg24_push_0014	125711	-0.0003230398085	0.04812323397	0.01750477209	2.029290908e-05	0.000844767057	0.007340527883	0.04149192593	0.03788783191	0.0006185553506	0.007043420196	0.3527010461	19.7578129	7946156.171	148377475.3	17.683177	0.01125209781	0.01125209781	0	36.978101	2.1472255	|	cg24_push_0000	124358	cg24_push_0014	125711	arc_length	200	0.02847059424	0.3642246139	15.18486423	7747592.669	107668127.2	6.477606256	-0.04455421776	0.04455421776	0	31.5783305	0.7502132152
25	cg24_push_0014	125711	-0.0003230398085	0.04812323397	0.01750477209	2.029290908e-05	0.000844767057	0.007340527883	0.04149192593	0.03788783191	0.0006185553506	0.007043420196	0.3527010461	19.7578129	7946156.171	148377475.3	18.189726	-0.009765595778	0.009765595778	0	37.48465	2.280689232	|	cg24_push_0000	124358	cg24_push_0014	125711	arc_length	200	0.02847059424	0.3642246139	15.18486423	7747592.669	107668127.2	6.680031451	-0.03523182262	0.03523182262	0	31.78075569	0.7978281994
25	cg24_push_0014	125711	-0.0003230398085	0.04812323397	0.01750477209	2.029290908e-05	0.000844767057	0.007340527883	0.04149192593	0.03788783191	0.0006185553506	0.007043420196	0.3527010461	19.7578129	7946156.171	148377475.3	18.788375	0.01144530426	0.01144530426	0	37.94515	2.405492887	|	cg24_push_0000	124358	cg24_push_0014	125711	arc_length	200	0.02847059424	0.3642246139	15.18486423	7747592.669	107668127.2	6.882456647	-0.02649801031	0.02649801031	0	31.98318089	0.846907106
25	cg24_push_0014	125711	-0.0003230398085	0.04812323397	0.01750477209	2.029290908e-05	0.000844767057	0.007340527883	0.04149192593	0.03788783191	0.0006185553506	0.007043420196	0.3527010461	19.7578129	7946156.171	148377475.3	19.387024	-0.01339379571	0.01339379571	0	38.405649	2.533600594	|	cg24_push_0000	124358	cg24_push_0014	125711	arc_length	200	0.02847059424	0.3642246139	15.18486423	7747592.669	107668127.2	7.084881842	-0.01998473153	0.01998473153	0	32.18560608	0.8974497546
25	cg24_push_0014	125711	-0.0003230398085	0.04812323397	0.01750477209	2.029290908e-05	0.000844767057	0.007340527883	0.04149192593	0.03788783191	0.0006185553506	0.007043420196	0.3527010461	19.7578129	7946156.171	148377475.3	19.985674	-0.03823293717	0.03823293717	0	38.912198	2.678331763	|	cg24_push_0000	124358	cg24_push_0014	125711	arc_length	200	0.02847059424	0.3642246139	15.18486423	7747592.669	107668127.2	7.287307038	-0.01347145275	0.01347145275	0	32.38803128	0.9494559487
25	cg24_push_0014	125711	-0.0003230398085	0.04812323397	0.01750477209	2.029290908e-05	0.000844767057	0.007340527883	0.04149192593	0.03788783191	0.0006185553506	0.007043420196	0.3527010461	19.7578129	7946156.171	148377475.3	20.446173	-0.01128992757	0.01128992757	0	39.418748	2.827052965	|	cg24_push_0000	124358	cg24_push_0014	125711	arc_length	200	0.02847059424	0.3642246139	15.18486423	7747592.669	107668127.2	7.489732233	-0.01073983545	0.01073983545	0	32.59045647	1.002925474
25	cg24_push_0014	125711	-0.0003230398085	0.04812323397	0.01750477209	2.029290908e-05	0.000844767057	0.007340527883	0.04149192593	0.03788783191	0.0006185553506	0.007043420196	0.3527010461	19.7578129	7946156.171	148377475.3	20.998772	0.01183167566	0.01183167566	7.716501165e-06	39.787147	2.937716653	|	cg24_push_0000	124358	cg24_push_0014	125711	arc_length	200	0.02847059424	0.3642246139	15.18486423	7747592.669	107668127.2	7.692157429	-0.01976303241	0.01976303241	0	32.79288167	1.057858097
25	cg24_push_0014	125711	-0.0003230398085	0.04812323397	0.01750477209	2.029290908e-05	0.000844767057	0.007340527883	0.04149192593	0.03788783191	0.0006185553506	0.007043420196	0.3527010461	19.7578129	7946156.171	148377475.3	21.505322	-0.009186059421	0.009186059421	5.433270454e-05	40.201597	3.064730357	|	cg24_push_0000	124358	cg24_push_0014	125711	arc_length	200	0.02847059424	0.3642246139	15.18486423	7747592.669	107668127.2	7.894582624	-0.02878622937	0.02878622937	0	32.99530686	1.114253566
25	cg24_push_0014	125711	-0.0003230398085	0.04812323397	0.01750477209	2.029290908e-05	0.000844767057	0.007340527883	0.04149192593	0.03788783191	0.0006185553506	0.007043420196	0.3527010461	19.7578129	7946156.171	148377475.3	22.057921	-0.0321144562	0.0321144562	0.0001914615463	nan	nan	|	cg24_push_0000	124358	cg24_push_0014	125711	arc_length	200	0.02847059424	0.3642246139	15.18486423	7747592.669	107668127.2	8.09700782	-0.03780942633	0.03780942633	0	33.19773206	1.172111607
25	cg24_push_0014	125711	-0.0003230398085	0.04812323397	0.01750477209	2.029290908e-05	0.000844767057	0.007340527883	0.04149192593	0.03788783191	0.0006185553506	0.007043420196	0.3527010461	19.7578129	7946156.171	148377475.3	22.56447	-0.007082149786	0.007082149786	0.0004346610208	nan	nan	|	cg24_push_0000	124358	cg24_push_0014	125711	arc_length	200	0.02847059424	0.3642246139	15.18486423	7747592.669	107668127.2	8.299433015	-0.04683262329	0.04683262329	0	33.40015726	1.231431926
25	cg24_push_0014	125711	-0.0003230398085	0.04812323397	0.01750477209	2.029290908e-05	0.000844767057	0.007340527883	0.04149192593	0.03788783191	0.0006185553506	0.007043420196	0.3527010461	19.7578129	7946156.171	148377475.3	23.07102	-0.02809988487	0.02809988487	0.0008269935524	nan	nan	|	cg24_push_0000	124358	cg24_push_0014	125711	arc_length	200	0.02847059424	0.3642246139	15.18486423	7747592.669	107668127.2	8.501858211	-0.05566894359	0.05566894359	0	33.60258245	1.292214203
25	cg24_push_0014	125711	-0.0003230398085	0.04812323397	0.01750477209	2.029290908e-05	0.000844767057	0.007340527883	0.04149192593	0.03788783191	0.0006185553506	0.007043420196	0.3527010461	19.7578129	7946156.171	148377475.3	23.669669	-0.006888984831	0.006888984831	0.00153169237	nan	nan	|	cg24_push_0000	124358	cg24_push_0014	125711	arc_length	200	0.02847059424	0.3642246139	15.18486423	7747592.669	107668127.2	8.704283406	-0.04786715376	0.04786715376	0	33.80500765	1.354458098
25	cg24_push_0014	125711	-0.0003230398085	0.04812323397	0.01750477209	2.029290908e-05	0.000844767057	0.007340527883	0.04149192593	0.03788783191	0.0006185553506	0.007043420196	0.3527010461	19.7578129	7946156.171	148377475.3	24.268318	-0.0777780848	0.0777780848	0.002553357459	nan	nan	|	cg24_push_0000	124358	cg24_push_0014	125711	arc_length	200	0.02847059424	0.3642246139	15.18486423	7747592.669	107668127.2	8.906708602	-0.04006536393	0.04006536393	0	34.00743284	1.418163243
25	cg24_push_0014	125711	-0.0003230398085	0.04812323397	0.01750477209	2.029290908e-05	0.000844767057	0.007340527883	0.04149192593	0.03788783191	0.0006185553506	0.007043420196	0.3527010461	19.7578129	7946156.171	148377475.3	24.820917	-0.05465648157	0.05465648157	0.003828671228	nan	nan	|	cg24_push_0000	124358	cg24_push_0014	125711	arc_length	200	0.02847059424	0.3642246139	15.18486423	7747592.669	107668127.2	9.109133797	-0.03185035593	0.03185035593	0	34.20985804	1.483329244
25	cg24_push_0014	125711	-0.0003230398085	0.04812323397	0.01750477209	2.029290908e-05	0.000844767057	0.007340527883	0.04149192593	0.03788783191	0.0006185553506	0.007043420196	0.3527010461	19.7578129	7946156.171	148377475.3	25.373516	-0.03153487835	0.03153487835	0.005470518963	nan	nan	|	cg24_push_0000	124358	cg24_push_0014	125711	arc_length	200	0.02847059424	0.3642246139	15.18486423	7747592.669	107668127.2	9.311558993	-0.02252799678	0.02252799678	0	34.41228323	1.549955679
25	cg24_push_0014	125711	-0.0003230398085	0.04812323397	0.01750477209	2.029290908e-05	0.000844767057	0.007340527883	0.04149192593	0.03788783191	0.0006185553506	0.007043420196	0.3527010461	19.7578129	7946156.171	148377475.3	25.926116	-0.05446331662	0.05446331662	0.007525203791	nan	nan	|	cg24_push_0000	124358	cg24_push_0014	125711	arc_length	200	0.02847059424	0.3642246139	15.18486423	7747592.669	107668127.2	9.513984188	-0.01320563763	0.01320563763	0	34.61470843	1.618042099
25	cg24_push_0014	125711	-0.0003230398085	0.04812323397	0.01750477209	2.029290908e-05	0.000844767057	0.007340527883	0.04149192593	0.03788783191	0.0006185553506	0.007043420196	0.3527010461	19.7578129	7946156.171	148377475.3	26.478715	-0.07739171339	0.07739171339	0.01003901735	nan	nan	|	cg24_push_0000	124358	cg24_push_0014	125711	arc_length	200	0.02847059424	0.3642246139	15.18486423	7747592.669	107668127.2	9.716409383	-0.01790564834	0.01790564834	0	34.81713362	1.687588022
25	cg24_push_0014	125711	-0.0003230398085	0.04812323397	0.01750477209	2.029290908e-05	0.000844767057	0.007340527883	0.04149192593	0.03788783191	0.0006185553506	0.007043420196	0.3527010461	19.7578129	7946156.171	148377475.3	26.985264	-0.09840940698	0.09840940698	0.01278622333	nan	nan	|	cg24_push_0000	124358	cg24_push_0014	125711	arc_length	200	0.02847059424	0.3642246139	15.18486423	7747592.669	107668127.2	9.918834579	-0.009074057837	0.009074057837	0	35.01955882	1.758592936
25	cg24_push_0014	125711	-0.0003230398085	0.04812323397	0.01750477209	2.029290908e-05	0.000844767057	0.007340527883	0.04149192593	0.03788783191	0.0006185553506	0.007043420196	0.3527010461	19.7578129	7946156.171	148377475.3	27.445764	-0.07146643887	0.07146643887	0.01568224138	nan	nan	|	cg24_push_0000	124358	cg24_push_0014	125711	arc_length	200	0.02847059424	0.3642246139	15.18486423	7747592.669	107668127.2	10.12125977	0.000276184405	0.000276184405	0	35.22198402	1.831056297
25	cg24_push_0014	125711	-0.0003230398085	0.04812323397	0.01750477209	2.029290908e-05	0.000844767057	0.007340527883	0.04149192593	0.03788783191	0.0006185553506	0.007043420196	0.3527010461	19.7578129	7946156.171	148377475.3	27.906263	-0.09057342927	0.09057342927	0.01898551328	nan	nan	|	cg24_push_0000	124358	cg24_push_0014	125711	arc_length	200	0.02847059424	0.3642246139	15.18486423	7747592.669	107668127.2	10.32368497	0.001144952259	0.001144952259	0	35.42440921	1.904977524
25	cg24_push_0014	125711	-0.0003230398085	0.04812323397	0.01750477209	2.029290908e-05	0.000844767057	0.007340527883	0.04149192593	0.03788783191	0.0006185553506	0.007043420196	0.3527010461	19.7578129	7946156.171	148377475.3	28.366762	-0.06363041967	0.06363041967	0.02272283825	nan	nan	|	cg24_push_0000	124358	cg24_push_0014	125711	arc_length	200	0.02847059424	0.3642246139	15.18486423	7747592.669	107668127.2	10.52611017	-0.007850841511	0.007850841511	0	35.62683441	1.980356003
25	cg24_push_0014	125711	-0.0003230398085	0.04812323397	0.01750477209	2.029290908e-05	0.000844767057	0.007340527883	0.04149192593	0.03788783191	0.0006185553506	0.007043420196	0.3527010461	19.7578129	7946156.171	148377475.3	28.827262	-0.08273745156	0.08273745156	0.02692101932	nan	nan	|	cg24_push_0000	124358	cg24_push_0014	125711	arc_length	200	0.02847059424	0.3642246139	15.18486423	7747592.669	107668127.2	10.72853536	-0.009192808787	0.009192808787	0	35.8292596	2.057191081
25	cg24_push_0014	125711	-0.0003230398085	0.04812323397	0.01750477209	2.029290908e-05	0.000844767057	0.007340527883	0.04149192593	0.03788783191	0.0006185553506	0.007043420196	0.3527010461	19.7578129	7946156.171	148377475.3	29.425911	-0.1075765515	0.1075765515	0.03311167408	nan	nan	|	cg24_push_0000	124358	cg24_push_0014	125711	arc_length	200	0.02847059424	0.3642246139	15.18486423	7747592.669	107668127.2	10.93096056	-0.0230678561	0.0230678561	0	36.0316848	2.135482069
25	cg24_push_0014	125711	-0.0003230398085	0.04812323397	0.01750477209	2.029290908e-05	0.000844767057	0.007340527883	0.04149192593	0.03788783191	0.0006185553506	0.007043420196	0.3527010461	19.7578129	7946156.171	148377475.3	29.88641	-0.1266835419	0.1266835419	0.03847147475	nan	nan	|	cg24_push_0000	124358	cg24_push_0014	125711	arc_length	200	0.02847059424	0.3642246139	15.18486423	7747592.669	107668127.2	11.13338575	-0.0379596272	0.0379596272	0	36.23410999	2.215228236
25	cg24_push_0014	125711	-0.0003230398085	0.04812323397	0.01750477209	2.029290908e-05	0.000844767057	0.007340527883	0.04149192593	0.03788783191	0.0006185553506	0.007043420196	0.3527010461	19.7578129	7946156.171	148377475.3	30.30086	-0.1438798706	0.1438798706	0.04376416503	nan	nan	|	cg24_push_0000	124358	cg24_push_0014	125711	arc_length	200	0.02847059424	0.3642246139	15.18486423	7747592.669	107668127.2	11.33581095	-0.03016008611	0.03016008611	0	36.43653519	2.296428809
25	cg24_push_0014	125711	-0.0003230398085	0.04812323397	0.01750477209	2.029290908e-05	0.000844767057	0.007340527883	0.04149192593	0.03788783191	0.0006185553506	0.007043420196	0.3527010461	19.7578129	7946156.171	148377475.3	30.807409	-0.1648975642	0.1648975642	0.05086567822	nan	nan	|	cg24_push_0000	124358	cg24_push_0014	125711	arc_length	200	0.02847059424	0.3642246139	15.18486423	7747592.669	107668127.2	11.53823614	-0.01896751635	0.01896751635	0	36.63896038	2.379082974
25	cg24_push_0014	125711	-0.0003230398085	0.04812323397	0.01750477209	2.029290908e-05	0.000844767057	0.007340527883	0.04149192593	0.03788783191	0.0006185553506	0.007043420196	0.3527010461	19.7578129	7946156.171	148377475.3	31.360008	-0.141775961	0.141775961	0.0594459529	nan	nan	|	cg24_push_0000	124358	cg24_push_0014	125711	arc_length	200	0.02847059424	0.3642246139	15.18486423	7747592.669	107668127.2	11.74066134	-0.01582966426	0.01582966426	0	36.84138558	2.463189871
25	cg24_push_0014	125711	-0.0003230398085	0.04812323397	0.01750477209	2.029290908e-05	0.000844767057	0.007340527883	0.04149192593	0.03788783191	0.0006185553506	0.007043420196	0.3527010461	19.7578129	7946156.171	148377475.3	31.958658	-0.1666151024	0.1666151024	0.069774603	nan	nan	|	cg24_push_0000	124358	cg24_push_0014	125711	arc_length	200	0.02847059424	0.3642246139	15.18486423	7747592.669	107668127.2	11.94308653	-0.01860360071	0.01860360071	0	37.04381077	2.548748595
25	cg24_push_0014	125711	-0.0003230398085	0.04812323397	0.01750477209	2.029290908e-05	0.000844767057	0.007340527883	0.04149192593	0.03788783191	0.0006185553506	0.007043420196	0.3527010461	19.7578129	7946156.171	148377475.3	32.465207	-0.141582796	0.141582796	0.07939603843	nan	nan	|	cg24_push_0000	124358	cg24_push_0014	125711	arc_length	200	0.02847059424	0.3642246139	15.18486423	7747592.669	107668127.2	12.14551173	-0.01080181088	0.01080181088	0	37.24623597	2.635758194
25	cg24_push_0014	125711	-0.0003230398085	0.04812323397	0.01750477209	2.029290908e-05	0.000844767057	0.007340527883	0.04149192593	0.03788783191	0.0006185553506	0.007043420196	0.3527010461	19.7578129	7946156.171	148377475.3	32.925706	-0.1606897864	0.1606897864	0.08887613163	nan	nan	|	cg24_push_0000	124358	cg24_push_0014	125711	arc_length	200	0.02847059424	0.3642246139	15.18486423	7747592.669	107668127.2	12.34793692	-0.003000021048	0.003000021048	0	37.44866117	2.724217664
25	cg24_push_0014	125711	-0.0003230398085	0.04812323397	0.01750477209	2.029290908e-05	0.000844767057	0.007340527883	0.04149192593	0.03788783191	0.0006185553506	0.007043420196	0.3527010461	19.7578129	7946156.171	148377475.3	33.386206	-0.1797968183	0.1797968183	0.09908234892	nan	nan	|	cg24_push_0000	124358	cg24_push_0014	125711	arc_length	200	0.02847059424	0.3642246139	15.18486423	7747592.669	107668127.2	12.55036212	0.004801537222	0.004801537222	0	37.65108636	2.814125952
25	cg24_push_0014	125711	-0.0003230398085	0.04812323397	0.01750477209	2.029290908e-05	0.000844767057	0.007340527883	0.04149192593	0.03788783191	0.0006185553506	0.007043420196	0.3527010461	19.7578129	7946156.171	148377475.3	33.938805	-0.1566752151	0.1566752151	0.1123259677	nan	nan	|	cg24_push_0000	124358	cg24_push_0014	125711	arc_length	200	0.02847059424	0.3642246139	15.18486423	7747592.669	107668127.2	12.75278732	0.01260296353	0.01260296353	0	37.85351156	2.905481954
25	cg24_push_0014	125711	-0.0003230398085	0.04812323397	0.01750477209	2.029290908e-05	0.000844767057	0.007340527883	0.04149192593	0.03788783191	0.0006185553506	0.007043420196	0.3527010461	19.7578129	7946156.171	148377475.3	34.399304	-0.1757822055	0.1757822055	0.1242238992	nan	nan	|	cg24_push_0000	124358	cg24_push_0014	125711	arc_length	200	0.02847059424	0.3642246139	15.18486423	7747592.669	107668127.2	12.95521251	0.02040438985	0.02040438985	0	38.05593675	2.998284509
25	cg24_push_0014	125711	-0.0003230398085	0.04812323397	0.01750477209	2.029290908e-05	0.000844767057	0.007340527883	0.04149192593	0.03788783191	0.0006185553506	0.007043420196	0.3527010461	19.7578129	7946156.171	148377475.3	34.859804	-0.1488392374	0.1488392374	0.1369336993	nan	nan	|	cg24_push_0000	124358	cg24_push_0014	125711	arc_length	200	0.02847059424	0.3642246139	15.18486423	7747592.669	107668127.2	13.15763771	0.01310325721	0.01310325721	0	38.25836195	3.092532401
25	cg24_push_0014	125711	-0.0003230398085	0.04812323397	0.01750477209	2.029290908e-05	0.000844767057	0.007340527883	0.04149192593	0.03788783191	0.0006185553506	0.007043420196	0.3527010461	19.7578129	7946156.171	148377475.3	35.412403	-0.1717676342	0.1717676342	0.1532947874	nan	nan	|	cg24_push_0000	124358	cg24_push_0014	125711	arc_length	200	0.02847059424	0.3642246139	15.18486423	7747592.669	107668127.2	13.3600629	0.004080060247	0.004080060247	0	38.46078714	3.188224358
25	cg24_push_0014	125711	-0.0003230398085	0.04812323397	0.01750477209	2.029290908e-05	0.000844767057	0.007340527883	0.04149192593	0.03788783191	0.0006185553506	0.007043420196	0.3527010461	19.7578129	7946156.171	148377475.3	35.872902	-0.1908746246	0.1908746246	0.167884922	nan	nan	|	cg24_push_0000	124358	cg24_push_0014	125711	arc_length	200	0.02847059424	0.3642246139	15.18486423	7747592.669	107668127.2	13.5624881	-0.004943136715	0.004943136715	0	38.66321234	3.285359047
25	cg24_push_0014	125711	-0.0003230398085	0.04812323397	0.01750477209	2.029290908e-05	0.000844767057	0.007340527883	0.04149192593	0.03788783191	0.0006185553506	0.007043420196	0.3527010461	19.7578129	7946156.171	148377475.3	36.425502	-0.2138030628	0.2138030628	0.1865802874	nan	nan	|	cg24_push_0000	124358	cg24_push_0014	125711	arc_length	200	0.02847059424	0.3642246139	15.18486423	7747592.669	107668127.2	13.76491329	-0.01396633368	0.01396633368	0	38.86563753	3.383935075
25	cg24_push_0014	125711	-0.0003230398085	0.04812323397	0.01750477209	2.029290908e-05	0.000844767057	0.007340527883	0.04149192593	0.03788783191	0.0006185553506	0.007043420196	0.3527010461	19.7578129	7946156.171	148377475.3	36.978101	-0.2367314596	0.2367314596	0.2066144339	nan	nan	|	cg24_push_0000	124358	cg24_push_0014	125711	arc_length	200	0.02847059424	0.3642246139	15.18486423	7747592.669	107668127.2	13.96733849	-0.02298953064	0.02298953064	0	39.06806273	3.483950986
25	cg24_push_0014	125711	-0.0003230398085	0.04812323397	0.01750477209	2.029290908e-05	0.000844767057	0.007340527883	0.04149192593	0.03788783191	0.0006185553506	0.007043420196	0.3527010461	19.7578129	7946156.171	148377475.3	37.48465	-0.2577491532	0.2577491532	0.2261947179	nan	nan	|	cg24_push_0000	124358	cg24_push_0014	125711	arc_length	200	0.02847059424	0.3642246139	15.18486423	7747592.669	107668127.2	14.16976368	-0.02520998109	0.02520998109	0	39.27048792	3.585405258
25	cg24_push_0014	125711	-0.0003230398085	0.04812323397	0.01750477209	2.029290908e-05	0.000844767057	0.007340527883	0.04149192593	0.03788783191	0.0006185553506	0.007043420196	0.3527010461	19.7578129	7946156.171	148377475.3	37.94515	-0.2308071851	0.2308071851	0.2450350006	nan	nan	|	cg24_push_0000	124358	cg24_push_0014	125711	arc_length	200	0.02847059424	0.3642246139	15.18486423	7747592.669	107668127.2	14.37218888	-0.01869670231	0.01869670231	0	39.47291312	3.688296304
25	cg24_push_0014	125711	-0.0003230398085	0.04812323397	0.01750477209	2.029290908e-05	0.000844767057	0.007340527883	0.04149192593	0.03788783191	0.0006185553506	0.007043420196	0.3527010461	19.7578129	7946156.171	148377475.3	38.405649	-0.2038641755	0.2038641755	0.2648933927	nan	nan	|	cg24_push_0000	124358	cg24_push_0014	125711	arc_length	200	0.02847059424	0.3642246139	15.18486423	7747592.669	107668127.2	14.57461408	-0.01218342354	0.01218342354	0	39.67533832	3.792622471
25	cg24_push_0014	125711	-0.0003230398085	0.04812323397	0.01750477209	2.029290908e-05	0.000844767057	0.007340527883	0.04149192593	0.03788783191	0.0006185553506	0.007043420196	0.3527010461	19.7578129	7946156.171	148377475.3	38.912198	-0.2248818691	0.2248818691	0.2879455689	nan	nan	|	cg24_push_0000	124358	cg24_push_0014	125711	arc_length	200	0.02847059424	0.3642246139	15.18486423	7747592.669	107668127.2	14.77703927	-0.006191724297	0.006191724297	0	39.87776351	3.898382031
25	cg24_push_0014	125711	-0.0003230398085	0.04812323397	0.01750477209	2.029290908e-05	0.000844767057	0.007340527883	0.04149192593	0.03788783191	0.0006185553506	0.007043420196	0.3527010461	19.7578129	7946156.171	148377475.3	39.418748	-0.2458996042	0.2458996042	0.3122978375	nan	nan	|	cg24_push_0000	124358	cg24_push_0014	125711	arc_length	200	0.02847059424	0.3642246139	15.18486423	7747592.669	107668127.2	14.97946447	-0.0007841056557	0.0007841056557	0	40.08018871	4.005573188
25	cg24_push_0014	125711	-0.0003230398085	0.04812323397	0.01750477209	2.029290908e-05	0.000844767057	0.007340527883	0.04149192593	0.03788783191	0.0006185553506	0.007043420196	0.3527010461	19.7578129	7946156.171	148377475.3	39.787147	-0.3072351882	0.3072351882	0.3308454493	nan	nan	|	cg24_push_0000	124358	cg24_push_0014	125711	arc_length	200	0.02847059424	0.3642246139	15.18486423	7747592.669	107668127.2	15.18188966	0.004623512986	0.004623512986	0	40.2826139	4.114194072
25	cg24_push_0014	125711	-0.0003230398085	0.04812323397	0.01750477209	2.029290908e-05	0.000844767057	0.007340527883	0.04149192593	0.03788783191	0.0006185553506	0.007043420196	0.3527010461	19.7578129	7946156.171	148377475.3	40.201597	-0.2783815169	0.2783815169	0.3525731271	nan	nan	|	cg24_push_0000	124358	cg24_push_0014	125711	arc_length	200	0.02847059424	0.3642246139	15.18486423	7747592.669	107668127.2	15.38431486	0.009763794057	0.009763794057	0	nan	nan
25	cg24_push_0014	125711	-0.0003230398085	0.04812323397	0.01750477209	2.029290908e-05	0.000844767057	0.007340527883	0.04149192593	0.03788783191	0.0006185553506	0.007043420196	0.3527010461	19.7578129	7946156.171	148377475.3	nan	nan	nan	nan	nan	nan	|	cg24_push_0000	124358	cg24_push_0014	125711	arc_length	200	0.02847059424	0.3642246139	15.18486423	7747592.669	107668127.2	15.58674005	0.01421234114	0.01421234114	0	nan	nan
25	cg24_push_0014	125711	-0.0003230398085	0.04812323397	0.01750477209	2.029290908e-05	0.000844767057	0.007340527883	0.04149192593	0.03788783191	0.0006185553506	0.007043420196	0.3527010461	19.7578129	7946156.171	148377475.3	nan	nan	nan	nan	nan	nan	|	cg24_push_0000	124358	cg24_push_0014	125711	arc_length	200	0.02847059424	0.3642246139	15.18486423	7747592.669	107668127.2	15.78916525	0.01866088823	0.01866088823	0	nan	nan
25	cg24_push_0014	125711	-0.0003230398085	0.04812323397	0.01750477209	2.029290908e-05	0.000844767057	0.007340527883	0.04149192593	0.03788783191	0.0006185553506	0.007043420196	0.3527010461	19.7578129	7946156.171	148377475.3	nan	nan	nan	nan	nan	nan	|	cg24_push_0000	124358	cg24_push_0014	125711	arc_length	200	0.02847059424	0.3642246139	15.18486423	7747592.669	107668127.2	15.99159044	0.02310943532	0.02310943532	0	nan	nan
25	cg24_push_0014	125711	-0.0003230398085	0.04812323397	0.01750477209	2.029290908e-05	0.000844767057	0.007340527883	0.04149192593	0.03788783191	0.0006185553506	0.007043420196	0.3527010461	19.7578129	7946156.171	148377475.3	nan	nan	nan	nan	nan	nan	|	cg24_push_0000	124358	cg24_push_0014	125711	arc_length	200	0.02847059424	0.3642246139	15.18486423	7747592.669	107668127.2	16.19401564	0.015977245	0.015977245	0	nan	nan
25	cg24_push_0014	125711	-0.0003230398085	0.04812323397	0.01750477209	2.029290908e-05	0.000844767057	0.007340527883	0.04149192593	0.03788783191	0.0006185553506	0.007043420196	0.3527010461	19.7578129	7946156.171	148377475.3	nan	nan	nan	nan	nan	nan	|	cg24_push_0000	124358	cg24_push_0014	125711	arc_length	200	0.02847059424	0.3642246139	15.18486423	7747592.669	107668127.2	16.39644083	0.01447444917	0.01447444917	0	nan	nan
25	cg24_push_0014	125711	-0.0003230398085	0.04812323397	0.01750477209	2.029290908e-05	0.000844767057	0.007340527883	0.04149192593	0.03788783191	0.0006185553506	0.007043420196	0.3527010461	19.7578129	7946156.171	148377475.3	nan	nan	nan	nan	nan	nan	|	cg24_push_0000	124358	cg24_push_0014	125711	arc_length	200	0.02847059424	0.3642246139	15.18486423	7747592.669	107668127.2	16.59886603	0.02375886618	0.02375886618	0	nan	nan
25	cg24_push_0014	125711	-0.0003230398085	0.04812323397	0.01750477209	2.029290908e-05	0.000844767057	0.007340527883	0.04149192593	0.03788783191	0.0006185553506	0.007043420196	0.3527010461	19.7578129	7946156.171	148377475.3	nan	nan	nan	nan	nan	nan	|	cg24_push_0000	124358	cg24_push_0014	125711	arc_length	200	0.02847059424	0.3642246139	15.18486423	7747592.669	107668127.2	16.80129123	0.03313726866	0.03313726866	0	nan	nan
25	cg24_push_0014	125711	-0.0003230398085	0.04812323397	0.01750477209	2.029290908e-05	0.000844767057	0.007340527883	0.04149192593	0.03788783191	0.0006185553506	0.007043420196	0.3527010461	19.7578129	7946156.171	148377475.3	nan	nan	nan	nan	nan	nan	|	cg24_push_0000	124358	cg24_push_0014	125711	arc_length	200	0.02847059424	0.3642246139	15.18486423	7747592.669	107668127.2	17.00371642	0.02594912956	0.02594912956	0	nan	nan
25	cg24_push_0014	125711	-0.0003230398085	0.04812323397	0.01750477209	2.029290908e-05	0.000844767057	0.007340527883	0.04149192593	0.03788783191	0.0006185553506	0.007043420196	0.3527010461	19.7578129	7946156.171	148377475.3	nan	nan	nan	nan	nan	nan	|	cg24_push_0000	124358	cg24_push_0014	125711	arc_length	200	0.02847059424	0.3642246139	15.18486423	7747592.669	107668127.2	17.20614162	0.01980836026	0.01980836026	0	nan	nan
25	cg24_push_0014	125711	-0.0003230398085	0.04812323397	0.01750477209	2.029290908e-05	0.000844767057	0.007340527883	0.04149192593	0.03788783191	0.0006185553506	0.007043420196	0.3527010461	19.7578129	7946156.171	148377475.3	nan	nan	nan	nan	nan	nan	|	cg24_push_0000	124358	cg24_push_0014	125711	arc_length	200	0.02847059424	0.3642246139	15.18486423	7747592.669	107668127.2	17.40856681	0.0276101198	0.0276101198	0	nan	nan
25	cg24_push_0014	125711	-0.0003230398085	0.04812323397	0.01750477209	2.029290908e-05	0.000844767057	0.007340527883	0.04149192593	0.03788783191	0.0006185553506	0.007043420196	0.3527010461	19.7578129	7946156.171	148377475.3	nan	nan	nan	nan	nan	nan	|	cg24_push_0000	124358	cg24_push_0014	125711	arc_length	200	0.02847059424	0.3642246139	15.18486423	7747592.669	107668127.2	17.61099201	0.03541187934	0.03541187934	0	nan	nan
25	cg24_push_0014	125711	-0.0003230398085	0.04812323397	0.01750477209	2.029290908e-05	0.000844767057	0.007340527883	0.04149192593	0.03788783191	0.0006185553506	0.007043420196	0.3527010461	19.7578129	7946156.171	148377475.3	nan	nan	nan	nan	nan	nan	|	cg24_push_0000	124358	cg24_push_0014	125711	arc_length	200	0.02847059424	0.3642246139	15.18486423	7747592.669	107668127.2	17.8134172	0.03594241601	0.03594241601	0	nan	nan
25	cg24_push_0014	125711	-0.0003230398085	0.04812323397	0.01750477209	2.029290908e-05	0.000844767057	0.007340527883	0.04149192593	0.03788783191	0.0006185553506	0.007043420196	0.3527010461	19.7578129	7946156.171	148377475.3	nan	nan	nan	nan	nan	nan	|	cg24_push_0000	124358	cg24_push_0014	125711	arc_length	200	0.02847059424	0.3642246139	15.18486423	7747592.669	107668127.2	18.0158424	0.02691921904	0.02691921904	0	nan	nan
25	cg24_push_0014	125711	-0.0003230398085	0.04812323397	0.01750477209	2.029290908e-05	0.000844767057	0.007340527883	0.04149192593	0.03788783191	0.0006185553506	0.007043420196	0.3527010461	19.7578129	7946156.171	148377475.3	nan	nan	nan	nan	nan	nan	|	cg24_push_0000	124358	cg24_push_0014	125711	arc_length	200	0.02847059424	0.3642246139	15.18486423	7747592.669	107668127.2	18.21826759	0.01789602208	0.01789602208	0	nan	nan
25	cg24_push_0014	125711	-0.0003230398085	0.04812323397	0.01750477209	2.029290908e-05	0.000844767057	0.007340527883	0.04149192593	0.03788783191	0.0006185553506	0.007043420196	0.3527010461	19.7578129	7946156.171	148377475.3	nan	nan	nan	nan	nan	nan	|	cg24_push_0000	124358	cg24_push_0014	125711	arc_length	200	0.02847059424	0.3642246139	15.18486423	7747592.669	107668127.2	18.42069279	0.02331814237	0.02331814237	0	nan	nan
25	cg24_push_0014	125711	-0.0003230398085	0.04812323397	0.01750477209	2.029290908e-05	0.000844767057	0.007340527883	0.04149192593	0.03788783191	0.0006185553506	0.007043420196	0.3527010461	19.7578129	7946156.171	148377475.3	nan	nan	nan	nan	nan	nan	|	cg24_push_0000	124358	cg24_push_0014	125711	arc_length	200	0.02847059424	0.3642246139	15.18486423	7747592.669	107668127.2	18.62311799	0.02983142115	0.02983142115	0	nan	nan
25	cg24_push_0014	125711	-0.0003230398085	0.04812323397	0.01750477209	2.029290908e-05	0.000844767057	0.007340527883	0.04149192593	0.03788783191	0.0006185553506	0.007043420196	0.3527010461	19.7578129	7946156.171	148377475.3	nan	nan	nan	nan	nan	nan	|	cg24_push_0000	124358	cg24_push_0014	125711	arc_length	200	0.02847059424	0.3642246139	15.18486423	7747592.669	107668127.2	18.82554318	0.03634469992	0.03634469992	0	nan	nan
25	cg24_push_0014	125711	-0.0003230398085	0.04812323397	0.01750477209	2.029290908e-05	0.000844767057	0.007340527883	0.04149192593	0.03788783191	0.0006185553506	0.007043420196	0.3527010461	19.7578129	7946156.171	148377475.3	nan	nan	nan	nan	nan	nan	|	cg24_push_0000	124358	cg24_push_0014	125711	arc_length	200	0.02847059424	0.3642246139	15.18486423	7747592.669	107668127.2	19.02796838	0.02788629515	0.02788629515	0	nan	nan
25	cg24_push_0014	125711	-0.0003230398085	0.04812323397	0.01750477209	2.029290908e-05	0.000844767057	0.007340527883	0.04149192593	0.03788783191	0.0006185553506	0.007043420196	0.3527010461	19.7578129	7946156.171	148377475.3	nan	nan	nan	nan	nan	nan	|	cg24_push_0000	124358	cg24_push_0014	125711	arc_length	200	0.02847059424	0.3642246139	15.18486423	7747592.669	107668127.2	19.23039357	0.01886309819	0.01886309819	0	nan	nan
25	cg24_push_0014	125711	-0.0003230398085	0.04812323397	0.01750477209	2.029290908e-05	0.000844767057	0.007340527883	0.04149192593	0.03788783191	0.0006185553506	0.007043420196	0.3527010461	19.7578129	7946156.171	148377475.3	nan	nan	nan	nan	nan	nan	|	cg24_push_0000	124358	cg24_push_0014	125711	arc_length	200	0.02847059424	0.3642246139	15.18486423	7747592.669	107668127.2	19.43281877	0.009839901225	0.009839901225	0	nan	nan
25	cg24_push_0014	125711	-0.0003230398085	0.04812323397	0.01750477209	2.029290908e-05	0.000844767057	0.007340527883	0.04149192593	0.03788783191	0.0006185553506	0.007043420196	0.3527010461	19.7578129	7946156.171	148377475.3	nan	nan	nan	nan	nan	nan	|	cg24_push_0000	124358	cg24_push_0014	125711	arc_length	200	0.02847059424	0.3642246139	15.18486423	7747592.669	107668127.2	19.63524396	0.0008167042638	0.0008167042638	0	nan	nan
25	cg24_push_0014	125711	-0.0003230398085	0.04812323397	0.01750477209	2.029290908e-05	0.000844767057	0.007340527883	0.04149192593	0.03788783191	0.0006185553506	0.007043420196	0.3527010461	19.7578129	7946156.171	148377475.3	nan	nan	nan	nan	nan	nan	|	cg24_push_0000	124358	cg24_push_0014	125711	arc_length	200	0.02847059424	0.3642246139	15.18486423	7747592.669	107668127.2	19.83766916	-0.008206492698	0.008206492698	0	nan	nan
25	cg24_push_0014	125711	-0.0003230398085	0.04812323397	0.01750477209	2.029290908e-05	0.000844767057	0.007340527883	0.04149192593	0.03788783191	0.0006185553506	0.007043420196	0.3527010461	19.7578129	7946156.171	148377475.3	nan	nan	nan	nan	nan	nan	|	cg24_push_0000	124358	cg24_push_0014	125711	arc_length	200	0.02847059424	0.3642246139	15.18486423	7747592.669	107668127.2	20.04009435	-0.01624403945	0.01624403945	0	nan	nan
25	cg24_push_0014	125711	-0.0003230398085	0.04812323397	0.01750477209	2.029290908e-05	0.000844767057	0.007340527883	0.04149192593	0.03788783191	0.0006185553506	0.007043420196	0.3527010461	19.7578129	7946156.171	148377475.3	nan	nan	nan	nan	nan	nan	|	cg24_push_0000	124358	cg24_push_0014	125711	arc_length	200	0.02847059424	0.3642246139	15.18486423	7747592.669	107668127.2	20.24251955	-0.005100373577	0.005100373577	0	nan	nan
25	cg24_push_0014	125711	-0.0003230398085	0.04812323397	0.01750477209	2.029290908e-05	0.000844767057	0.007340527883	0.04149192593	0.03788783191	0.0006185553506	0.007043420196	0.3527010461	19.7578129	7946156.171	148377475.3	nan	nan	nan	nan	nan	nan	|	cg24_push_0000	124358	cg24_push_0014	125711	arc_length	200	0.02847059424	0.3642246139	15.18486423	7747592.669	107668127.2	20.44494474	0.006043292299	0.006043292299	0	nan	nan
25	cg24_push_0014	125711	-0.0003230398085	0.04812323397	0.01750477209	2.029290908e-05	0.000844767057	0.007340527883	0.04149192593	0.03788783191	0.0006185553506	0.007043420196	0.3527010461	19.7578129	7946156.171	148377475.3	nan	nan	nan	nan	nan	nan	|	cg24_push_0000	124358	cg24_push_0014	125711	arc_length	200	0.02847059424	0.3642246139	15.18486423	7747592.669	107668127.2	20.64736994	0.0146383802	0.0146383802	0	nan	nan
25	cg24_push_0014	125711	-0.0003230398085	0.04812323397	0.01750477209	2.029290908e-05	0.000844767057	0.007340527883	0.04149192593	0.03788783191	0.0006185553506	0.007043420196	0.3527010461	19.7578129	7946156.171	148377475.3	nan	nan	nan	nan	nan	nan	|	cg24_push_0000	124358	cg24_push_0014	125711	arc_length	200	0.02847059424	0.3642246139	15.18486423	7747592.669	107668127.2	20.84979514	0.02244017004	0.02244017004	0	nan	nan
25	cg24_push_0014	125711	-0.0003230398085	0.04812323397	0.01750477209	2.029290908e-05	0.000844767057	0.007340527883	0.04149192593	0.03788783191	0.0006185553506	0.007043420196	0.3527010461	19.7578129	7946156.171	148377475.3	nan	nan	nan	nan	nan	nan	|	cg24_push_0000	124358	cg24_push_0014	125711	arc_length	200	0.02847059424	0.3642246139	15.18486423	7747592.669	107668127.2	21.05222033	0.02985054124	0.02985054124	0	nan	nan
25	cg24_push_0014	125711	-0.0003230398085	0.04812323397	0.01750477209	2.029290908e-05	0.000844767057	0.007340527883	0.04149192593	0.03788783191	0.0006185553506	0.007043420196	0.3527010461	19.7578129	7946156.171	148377475.3	nan	nan	nan	nan	nan	nan	|	cg24_push_0000	124358	cg24_push_0014	125711	arc_length	200	0.02847059424	0.3642246139	15.18486423	7747592.669	107668127.2	21.25464553	0.02082734428	0.02082734428	0	nan	nan
25	cg24_push_0014	125711	-0.0003230398085	0.04812323397	0.01750477209	2.029290908e-05	0.000844767057	0.007340527883	0.04149192593	0.03788783191	0.0006185553506	0.007043420196	0.3527010461	19.7578129	7946156.171	148377475.3	nan	nan	nan	nan	nan	nan	|	cg24_push_0000	124358	cg24_push_0014	125711	arc_length	200	0.02847059424	0.3642246139	15.18486423	7747592.669	107668127.2	21.45707072	0.01180414732	0.01180414732	0	nan	nan
25	cg24_push_0014	125711	-0.0003230398085	0.04812323397	0.01750477209	2.029290908e-05	0.000844767057	0.007340527883	0.04149192593	0.03788783191	0.0006185553506	0.007043420196	0.3527010461	19.7578129	7946156.171	148377475.3	nan	nan	nan	nan	nan	nan	|	cg24_push_0000	124358	cg24_push_0014	125711	arc_length	200	0.02847059424	0.3642246139	15.18486423	7747592.669	107668127.2	21.65949592	0.002780950357	0.002780950357	0	nan	nan
25	cg24_push_0014	125711	-0.0003230398085	0.04812323397	0.01750477209	2.029290908e-05	0.000844767057	0.007340527883	0.04149192593	0.03788783191	0.0006185553506	0.007043420196	0.3527010461	19.7578129	7946156.171	148377475.3	nan	nan	nan	nan	nan	nan	|	cg24_push_0000	124358	cg24_push_0014	125711	arc_length	200	0.02847059424	0.3642246139	15.18486423	7747592.669	107668127.2	21.86192111	-0.006242246605	0.006242246605	0	nan	nan
25	cg24_push_0014	125711	-0.0003230398085	0.04812323397	0.01750477209	2.029290908e-05	0.000844767057	0.007340527883	0.04149192593	0.03788783191	0.0006185553506	0.007043420196	0.3527010461	19.7578129	7946156.171	148377475.3	nan	nan	nan	nan	nan	nan	|	cg24_push_0000	124358	cg24_push_0014	125711	arc_length	200	0.02847059424	0.3642246139	15.18486423	7747592.669	107668127.2	22.06434631	-0.01526544357	0.01526544357	0	nan	nan
25	cg24_push_0014	125711	-0.0003230398085	0.04812323397	0.01750477209	2.029290908e-05	0.000844767057	0.007340527883	0.04149192593	0.03788783191	0.0006185553506	0.007043420196	0.3527010461	19.7578129	7946156.171	148377475.3	nan	nan	nan	nan	nan	nan	|	cg24_push_0000	124358	cg24_push_0014	125711	arc_length	200	0.02847059424	0.3642246139	15.18486423	7747592.669	107668127.2	22.2667715	-0.009777903538	0.009777903538	0	nan	nan
25	cg24_push_0014	125711	-0.0003230398085	0.04812323397	0.01750477209	2.029290908e-05	0.000844767057	0.007340527883	0.04149192593	0.03788783191	0.0006185553506	0.007043420196	0.3527010461	19.7578129	7946156.171	148377475.3	nan	nan	nan	nan	nan	nan	|	cg24_push_0000	124358	cg24_push_0014	125711	arc_length	200	0.02847059424	0.3642246139	15.18486423	7747592.669	107668127.2	22.4691967	-0.0004555083974	0.0004555083974	0	nan	nan
25	cg24_push_0014	125711	-0.0003230398085	0.04812323397	0.01750477209	2.029290908e-05	0.000844767057	0.007340527883	0.04149192593	0.03788783191	0.0006185553506	0.007043420196	0.3527010461	19.7578129	7946156.171	148377475.3	nan	nan	nan	nan	nan	nan	|	cg24_push_0000	124358	cg24_push_0014	125711	arc_length	200	0.02847059424	0.3642246139	15.18486423	7747592.669	107668127.2	22.67162189	0.003762305519	0.003762305519	0	nan	nan
25	cg24_push_0014	125711	-0.0003230398085	0.04812323397	0.01750477209	2.029290908e-05	0.000844767057	0.007340527883	0.04149192593	0.03788783191	0.0006185553506	0.007043420196	0.3527010461	19.7578129	7946156.171	148377475.3	nan	nan	nan	nan	nan	nan	|	cg24_push_0000	124358	cg24_push_0014	125711	arc_length	200	0.02847059424	0.3642246139	15.18486423	7747592.669	107668127.2	22.87404709	-0.005260891443	0.005260891443	0	nan	nan
25	cg24_push_0014	125711	-0.0003230398085	0.04812323397	0.01750477209	2.029290908e-05	0.000844767057	0.007340527883	0.04149192593	0.03788783191	0.0006185553506	0.007043420196	0.3527010461	19.7578129	7946156.171	148377475.3	nan	nan	nan	nan	nan	nan	|	cg24_push_0000	124358	cg24_push_0014	125711	arc_length	200	0.02847059424	0.3642246139	15.18486423	7747592.669	107668127.2	23.07647229	-0.0142840884	0.0142840884	0	nan	nan
25	cg24_push_0014	125711	-0.0003230398085	0.04812323397	0.01750477209	2.029290908e-05	0.000844767057	0.007340527883	0.04149192593	0.03788783191	0.0006185553506	0.007043420196	0.3527010461	19.7578129	7946156.171	148377475.3	nan	nan	nan	nan	nan	nan	|	cg24_push_0000	124358	cg24_push_0014	125711	arc_length	200	0.02847059424	0.3642246139	15.18486423	7747592.669	107668127.2	23.27889748	-0.01128277147	0.01128277147	0	nan	nan
25	cg24_push_0014	125711	-0.0003230398085	0.04812323397	0.01750477209	2.029290908e-05	0.000844767057	0.007340527883	0.04149192593	0.03788783191	0.0006185553506	0.007043420196	0.3527010461	19.7578129	7946156.171	148377475.3	nan	nan	nan	nan	nan	nan	|	cg24_push_0000	124358	cg24_push_0014	125711	arc_length	200	0.02847059424	0.3642246139	15.18486423	7747592.669	107668127.2	23.48132268	-0.002606559203	0.002606559203	0	nan	nan
25	cg24_push_0014	125711	-0.0003230398085	0.04812323397	0.01750477209	2.029290908e-05	0.000844767057	0.007340527883	0.04149192593	0.03788783191	0.0006185553506	0.007043420196	0.3527010461	19.7578129	7946156.171	148377475.3	nan	nan	nan	nan	nan	nan	|	cg24_push_0000	124358	cg24_push_0014	125711	arc_length	200	0.02847059424	0.3642246139	15.18486423	7747592.669	107668127.2	23.68374787	0.0205118525	0.0205118525	0	nan	nan
25	cg24_push_0014	125711	-0.0003230398085	0.04812323397	0.01750477209	2.029290908e-05	0.000844767057	0.007340527883	0.04149192593	0.03788783191	0.0006185553506	0.007043420196	0.3527010461	19.7578129	7946156.171	148377475.3	nan	nan	nan	nan	nan	nan	|	cg24_push_0000	124358	cg24_push_0014	125711	arc_length	200	0.02847059424	0.3642246139	15.18486423	7747592.669	107668127.2	23.88617307	0.01888859133	0.01888859133	0	nan	nan
25	cg24_push_0014	125711	-0.0003230398085	0.04812323397	0.01750477209	2.029290908e-05	0.000844767057	0.007340527883	0.04149192593	0.03788783191	0.0006185553506	0.007043420196	0.3527010461	19.7578129	7946156.171	148377475.3	nan	nan	nan	nan	nan	nan	|	cg24_push_0000	124358	cg24_push_0014	125711	arc_length	200	0.02847059424	0.3642246139	15.18486423	7747592.669	107668127.2	24.08859826	-0.001845101472	0.001845101472	0	nan	nan
25	cg24_push_0014	125711	-0.0003230398085	0.04812323397	0.01750477209	2.029290908e-05	0.000844767057	0.007340527883	0.04149192593	0.03788783191	0.0006185553506	0.007043420196	0.3527010461	19.7578129	7946156.171	148377475.3	nan	nan	nan	nan	nan	nan	|	cg24_push_0000	124358	cg24_push_0014	125711	arc_length	200	0.02847059424	0.3642246139	15.18486423	7747592.669	107668127.2	24.29102346	-0.04266203588	0.04266203588	0	nan	nan
25	cg24_push_0014	125711	-0.0003230398085	0.04812323397	0.01750477209	2.029290908e-05	0.000844767057	0.007340527883	0.04149192593	0.03788783191	0.0006185553506	0.007043420196	0.3527010461	19.7578129	7946156.171	148377475.3	nan	nan	nan	nan	nan	nan	|	cg24_push_0000	124358	cg24_push_0014	125711	arc_length	200	0.02847059424	0.3642246139	15.18486423	7747592.669	107668127.2	24.49344865	-0.0572203559	0.0572203559	0	nan	nan
25	cg24_push_0014	125711	-0.0003230398085	0.04812323397	0.01750477209	2.029290908e-05	0.000844767057	0.007340527883	0.04149192593	0.03788783191	0.0006185553506	0.007043420196	0.3527010461	19.7578129	7946156.171	148377475.3	nan	nan	nan	nan	nan	nan	|	cg24_push_0000	124358	cg24_push_0014	125711	arc_length	200	0.02847059424	0.3642246139	15.18486423	7747592.669	107668127.2	24.69587385	-0.0444054264	0.0444054264	0	nan	nan
25	cg24_push_0014	125711	-0.0003230398085	0.04812323397	0.01750477209	2.029290908e-05	0.000844767057	0.007340527883	0.04149192593	0.03788783191	0.0006185553506	0.007043420196	0.3527010461	19.7578129	7946156.171	148377475.3	nan	nan	nan	nan	nan	nan	|	cg24_push_0000	124358	cg24_push_0014	125711	arc_length	200	0.02847059424	0.3642246139	15.18486423	7747592.669	107668127.2	24.89829905	-0.01990542156	0.01990542156	0	nan	nan
25	cg24_push_0014	125711	-0.0003230398085	0.04812323397	0.01750477209	2.029290908e-05	0.000844767057	0.007340527883	0.04149192593	0.03788783191	0.0006185553506	0.007043420196	0.3527010461	19.7578129	7946156.171	148377475.3	nan	nan	nan	nan	nan	nan	|	cg24_push_0000	124358	cg24_push_0014	125711	arc_length	200	0.02847059424	0.3642246139	15.18486423	7747592.669	107668127.2	25.10072424	0.005021363015	0.005021363015	0	nan	nan
25	cg24_push_0014	125711	-0.0003230398085	0.04812323397	0.01750477209	2.029290908e-05	0.000844767057	0.007340527883	0.04149192593	0.03788783191	0.0006185553506	0.007043420196	0.3527010461	19.7578129	7946156.171	148377475.3	nan	nan	nan	nan	nan	nan	|	cg24_push_0000	124358	cg24_push_0014	125711	arc_length	200	0.02847059424	0.3642246139	15.18486423	7747592.669	107668127.2	25.30314944	0.0001240667198	0.0001240667198	8.628399676e-07	nan	nan
25	cg24_push_0014	125711	-0.0003230398085	0.04812323397	0.01750477209	2.029290908e-05	0.000844767057	0.007340527883	0.04149192593	0.03788783191	0.0006185553506	0.007043420196	0.3527010461	19.7578129	7946156.171	148377475.3	nan	nan	nan	nan	nan	nan	|	cg24_push_0000	124358	cg24_push_0014	125711	arc_length	200	0.02847059424	0.3642246139	15.18486423	7747592.669	107668127.2	25.50557463	-0.01370539354	0.01370539354	6.902719741e-06	nan	nan
25	cg24_push_0014	125711	-0.0003230398085	0.04812323397	0.01750477209	2.029290908e-05	0.000844767057	0.007340527883	0.04149192593	0.03788783191	0.0006185553506	0.007043420196	0.3527010461	19.7578129	7946156.171	148377475.3	nan	nan	nan	nan	nan	nan	|	cg24_push_0000	124358	cg24_push_0014	125711	arc_length	200	0.02847059424	0.3642246139	15.18486423	7747592.669	107668127.2	25.70799983	-0.03855783609	0.03855783609	2.329667913e-05	nan	nan
25	cg24_push_0014	125711	-0.0003230398085	0.04812323397	0.01750477209	2.029290908e-05	0.000844767057	0.007340527883	0.04149192593	0.03788783191	0.0006185553506	0.007043420196	0.3527010461	19.7578129	7946156.171	148377475.3	nan	nan	nan	nan	nan	nan	|	cg24_push_0000	124358	cg24_push_0014	125711	arc_length	200	0.02847059424	0.3642246139	15.18486423	7747592.669	107668127.2	25.91042502	-0.03459538405	0.03459538405	5.522175793e-05	nan	nan
25	cg24_push_0014	125711	-0.0003230398085	0.04812323397	0.01750477209	2.029290908e-05	0.000844767057	0.007340527883	0.04149192593	0.03788783191	0.0006185553506	0.007043420196	0.3527010461	19.7578129	7946156.171	148377475.3	nan	nan	nan	nan	nan	nan	|	cg24_push_0000	124358	cg24_push_0014	125711	arc_length	200	0.02847059424	0.3642246139	15.18486423	7747592.669	107668127.2	26.11285022	-0.02918957336	0.02918957336	0.000107854996	nan	nan
25	cg24_push_0014	125711	-0.0003230398085	0.04812323397	0.01750477209	2.029290908e-05	0.000844767057	0.007340527883	0.04149192593	0.03788783191	0.0006185553506	0.007043420196	0.3527010461	19.7578129	7946156.171	148377475.3	nan	nan	nan	nan	nan	nan	|	cg24_push_0000	124358	cg24_push_0014	125711	arc_length	200	0.02847059424	0.3642246139	15.18486423	7747592.669	107668127.2	26.31527541	-0.02370688802	0.02370688802	0.000186373433	nan	nan
25	cg24_push_0014	125711	-0.0003230398085	0.04812323397	0.01750477209	2.029290908e-05	0.000844767057	0.007340527883	0.04149192593	0.03788783191	0.0006185553506	0.007043420196	0.3527010461	19.7578129	7946156.171	148377475.3	nan	nan	nan	nan	nan	nan	|	cg24_push_0000	124358	cg24_push_0014	125711	arc_length	200	0.02847059424	0.3642246139	15.18486423	7747592.669	107668127.2	26.51770061	-0.04096051786	0.04096051786	0.0002959541089	nan	nan
25	cg24_push_0014	125711	-0.0003230398085	0.04812323397	0.01750477209	2.029290908e-05	0.000844767057	0.007340527883	0.04149192593	0.03788783191	0.0006185553506	0.007043420196	0.3527010461	19.7578129	7946156.171	148377475.3	nan	nan	nan	nan	nan	nan	|	cg24_push_0000	124358	cg24_push_0014	125711	arc_length	200	0.02847059424	0.3642246139	15.18486423	7747592.669	107668127.2	26.7201258	-0.06538385158	0.06538385158	0.0004417740634	nan	nan
25	cg24_push_0014	125711	-0.0003230398085	0.04812323397	0.01750477209	2.029290908e-05	0.000844767057	0.007340527883	0.04149192593	0.03788783191	0.0006185553506	0.007043420196	0.3527010461	19.7578129	7946156.171	148377475.3	nan	nan	nan	nan	nan	nan	|	cg24_push_0000	124358	cg24_push_0014	125711	arc_length	200	0.02847059424	0.3642246139	15.18486423	7747592.669	107668127.2	26.922551	-0.0900962177	0.0900962177	0.0006290103364	nan	nan
25	cg24_push_0014	125711	-0.0003230398085	0.04812323397	0.01750477209	2.029290908e-05	0.000844767057	0.007340527883	0.04149192593	0.03788783191	0.0006185553506	0.007043420196	0.3527010461	19.7578129	7946156.171	148377475.3	nan	nan	nan	nan	nan	nan	|	cg24_push_0000	124358	cg24_push_0014	125711	arc_length	200	0.02847059424	0.3642246139	15.18486423	7747592.669	107668127.2	27.1249762	-0.09427702051	0.09427702051	0.0008628399676	nan	nan
25	cg24_push_0014	125711	-0.0003230398085	0.04812323397	0.01750477209	2.029290908e-05	0.000844767057	0.007340527883	0.04149192593	0.03788783191	0.0006185553506	0.007043420196	0.3527010461	19.7578129	7946156.171	148377475.3	nan	nan	nan	nan	nan	nan	|	cg24_push_0000	124358	cg24_push_0014	125711	arc_length	200	0.02847059424	0.3642246139	15.18486423	7747592.669	107668127.2	27.32740139	-0.08314637756	0.08314637756	0.001148439997	nan	nan
25	cg24_push_0014	125711	-0.0003230398085	0.04812323397	0.01750477209	2.029290908e-05	0.000844767057	0.007340527883	0.04149192593	0.03788783191	0.0006185553506	0.007043420196	0.3527010461	19.7578129	7946156.171	148377475.3	nan	nan	nan	nan	nan	nan	|	cg24_push_0000	124358	cg24_push_0014	125711	arc_length	200	0.02847059424	0.3642246139	15.18486423	7747592.669	107668127.2	27.52982659	-0.07435093012	0.07435093012	0.001490987464	nan	nan
25	cg24_push_0014	125711	-0.0003230398085	0.04812323397	0.01750477209	2.029290908e-05	0.000844767057	0.007340527883	0.04149192593	0.03788783191	0.0006185553506	0.007043420196	0.3527010461	19.7578129	7946156.171	148377475.3	nan	nan	nan	nan	nan	nan	|	cg24_push_0000	124358	cg24_push_0014	125711	arc_length	200	0.02847059424	0.3642246139	15.18486423	7747592.669	107668127.2	27.73225178	-0.08337412708	0.08337412708	0.001895659409	nan	nan
25	cg24_push_0014	125711	-0.0003230398085	0.04812323397	0.01750477209	2.029290908e-05	0.000844767057	0.007340527883	0.04149192593	0.03788783191	0.0006185553506	0.007043420196	0.3527010461	19.7578129	7946156.171	148377475.3	nan	nan	nan	nan	nan	nan	|	cg24_push_0000	124358	cg24_push_0014	125711	arc_length	200	0.02847059424	0.3642246139	15.18486423	7747592.669	107668127.2	27.93467698	-0.09239732404	0.09239732404	0.002367632871	nan	nan
25	cg24_push_0014	125711	-0.0003230398085	0.04812323397	0.01750477209	2.029290908e-05	0.000844767057	0.007340527883	0.04149192593	0.03788783191	0.0006185553506	0.007043420196	0.3527010461	19.7578129	7946156.171	148377475.3	nan	nan	nan	nan	nan	nan	|	cg24_push_0000	124358	cg24_push_0014	125711	arc_length	200	0.02847059424	0.3642246139	15.18486423	7747592.669	107668127.2	28.13710217	-0.08444954028	0.08444954028	0.002912084891	nan	nan
25	cg24_push_0014	125711	-0.0003230398085	0.04812323397	0.01750477209	2.029290908e-05	0.000844767057	0.007340527883	0.04149192593	0.03788783191	0.0006185553506	0.007043420196	0.3527010461	19.7578129	7946156.171	148377475.3	nan	nan	nan	nan	nan	nan	|	cg24_push_0000	124358	cg24_push_0014	125711	arc_length	200	0.02847059424	0.3642246139	15.18486423	7747592.669	107668127.2	28.33952737	-0.0733058744	0.0733058744	0.003534192507	nan	nan
25	cg24_push_0014	125711	-0.0003230398085	0.04812323397	0.01750477209	2.029290908e-05	0.000844767057	0.007340527883	0.04149192593	0.03788783191	0.0006185553506	0.007043420196	0.3527010461	19.7578129	7946156.171	148377475.3	nan	nan	nan	nan	nan	nan	|	cg24_push_0000	124358	cg24_push_0014	125711	arc_length	200	0.02847059424	0.3642246139	15.18486423	7747592.669	107668127.2	28.54195256	-0.07336030779	0.07336030779	0.004239132761	nan	nan
25	cg24_push_0014	125711	-0.0003230398085	0.04812323397	0.01750477209	2.029290908e-05	0.000844767057	0.007340527883	0.04149192593	0.03788783191	0.0006185553506	0.007043420196	0.3527010461	19.7578129	7946156.171	148377475.3	nan	nan	nan	nan	nan	nan	|	cg24_push_0000	124358	cg24_push_0014	125711	arc_length	200	0.02847059424	0.3642246139	15.18486423	7747592.669	107668127.2	28.74437776	-0.0823858502	0.0823858502	0.005032082691	nan	nan
25	cg24_push_0014	125711	-0.0003230398085	0.04812323397	0.01750477209	2.029290908e-05	0.000844767057	0.007340527883	0.04149192593	0.03788783191	0.0006185553506	0.007043420196	0.3527010461	19.7578129	7946156.171	148377475.3	nan	nan	nan	nan	nan	nan	|	cg24_push_0000	124358	cg24_push_0014	125711	arc_length	200	0.02847059424	0.3642246139	15.18486423	7747592.669	107668127.2	28.94680295	-0.09118803304	0.09118803304	0.005918219338	nan	nan
25	cg24_push_0014	125711	-0.0003230398085	0.04812323397	0.01750477209	2.029290908e-05	0.000844767057	0.007340527883	0.04149192593	0.03788783191	0.0006185553506	0.007043420196	0.3527010461	19.7578129	7946156.171	148377475.3	nan	nan	nan	nan	nan	nan	|	cg24_push_0000	124358	cg24_push_0014	125711	arc_length	200	0.02847059424	0.3642246139	15.18486423	7747592.669	107668127.2	29.14922815	-0.08174579375	0.08174579375	0.006902719741	nan	nan
25	cg24_push_0014	125711	-0.0003230398085	0.04812323397	0.01750477209	2.029290908e-05	0.000844767057	0.007340527883	0.04149192593	0.03788783191	0.0006185553506	0.007043420196	0.3527010461	19.7578129	7946156.171	148377475.3	nan	nan	nan	nan	nan	nan	|	cg24_push_0000	124358	cg24_push_0014	125711	arc_length	200	0.02847059424	0.3642246139	15.18486423	7747592.669	107668127.2	29.35165335	-0.07250231478	0.07250231478	0.00799076094	nan	nan
25	cg24_push_0014	125711	-0.0003230398085	0.04812323397	0.01750477209	2.029290908e-05	0.000844767057	0.007340527883	0.04149192593	0.03788783191	0.0006185553506	0.007043420196	0.3527010461	19.7578129	7946156.171	148377475.3	nan	nan	nan	nan	nan	nan	|	cg24_push_0000	124358	cg24_push_0014	125711	arc_length	200	0.02847059424	0.3642246139	15.18486423	7747592.669	107668127.2	29.55407854	-0.07245461466	0.07245461466	0.009187519975	nan	nan
25	cg24_push_0014	125711	-0.0003230398085	0.04812323397	0.01750477209	2.029290908e-05	0.000844767057	0.007340527883	0.04149192593	0.03788783191	0.0006185553506	0.007043420196	0.3527010461	19.7578129	7946156.171	148377475.3	nan	nan	nan	nan	nan	nan	|	cg24_push_0000	124358	cg24_push_0014	125711	arc_length	200	0.02847059424	0.3642246139	15.18486423	7747592.669	107668127.2	29.75650374	-0.08144948956	0.08144948956	0.01049817389	nan	nan
25	cg24_push_0014	125711	-0.0003230398085	0.04812323397	0.01750477209	2.029290908e-05	0.000844767057	0.007340527883	0.04149192593	0.03788783191	0.0006185553506	0.007043420196	0.3527010461	19.7578129	7946156.171	148377475.3	nan	nan	nan	nan	nan	nan	|	cg24_push_0000	124358	cg24_push_0014	125711	arc_length	200	0.02847059424	0.3642246139	15.18486423	7747592.669	107668127.2	29.95892893	-0.09038387906	0.09038387906	0.01192789971	nan	nan
25	cg24_push_0014	125711	-0.0003230398085	0.04812323397	0.01750477209	2.029290908e-05	0.000844767057	0.007340527883	0.04149192593	0.03788783191	0.0006185553506	0.007043420196	0.3527010461	19.7578129	7946156.171	148377475.3	nan	nan	nan	nan	nan	nan	|	cg24_push_0000	124358	cg24_push_0014	125711	arc_length	200	0.02847059424	0.3642246139	15.18486423	7747592.669	107668127.2	30.16135413	-0.1090681035	0.1090681035	0.01348187449	nan	nan
25	cg24_push_0014	125711	-0.0003230398085	0.04812323397	0.01750477209	2.029290908e-05	0.000844767057	0.007340527883	0.04149192593	0.03788783191	0.0006185553506	0.007043420196	0.3527010461	19.7578129	7946156.171	148377475.3	nan	nan	nan	nan	nan	nan	|	cg24_push_0000	124358	cg24_push_0014	125711	arc_length	200	0.02847059424	0.3642246139	15.18486423	7747592.669	107668127.2	30.36377932	-0.1361566741	0.1361566741	0.01516527527	nan	nan
25	cg24_push_0014	125711	-0.0003230398085	0.04812323397	0.01750477209	2.029290908e-05	0.000844767057	0.007340527883	0.04149192593	0.03788783191	0.0006185553506	0.007043420196	0.3527010461	19.7578129	7946156.171	148377475.3	nan	nan	nan	nan	nan	nan	|	cg24_push_0000	124358	cg24_push_0014	125711	arc_length	200	0.02847059424	0.3642246139	15.18486423	7747592.669	107668127.2	30.56620452	-0.1633916506	0.1633916506	0.01698327908	nan	nan
25	cg24_push_0014	125711	-0.0003230398085	0.04812323397	0.01750477209	2.029290908e-05	0.000844767057	0.007340527883	0.04149192593	0.03788783191	0.0006185553506	0.007043420196	0.3527010461	19.7578129	7946156.171	148377475.3	nan	nan	nan	nan	nan	nan	|	cg24_push_0000	124358	cg24_push_0014	125711	arc_length	200	0.02847059424	0.3642246139	15.18486423	7747592.669	107668127.2	30.76862971	-0.1726154744	0.1726154744	0.01894106297	nan	nan
25	cg24_push_0014	125711	-0.0003230398085	0.04812323397	0.01750477209	2.029290908e-05	0.000844767057	0.007340527883	0.04149192593	0.03788783191	0.0006185553506	0.007043420196	0.3527010461	19.7578129	7946156.171	148377475.3	nan	nan	nan	nan	nan	nan	|	cg24_push_0000	124358	cg24_push_0014	125711	arc_length	200	0.02847059424	0.3642246139	15.18486423	7747592.669	107668127.2	30.97105491	-0.1732557808	0.1732557808	0.02104380397	nan	nan
25	cg24_push_0014	125711	-0.0003230398085	0.04812323397	0.01750477209	2.029290908e-05	0.000844767057	0.007340527883	0.04149192593	0.03788783191	0.0006185553506	0.007043420196	0.3527010461	19.7578129	7946156.171	148377475.3	nan	nan	nan	nan	nan	nan	|	cg24_push_0000	124358	cg24_push_0014	125711	arc_length	200	0.02847059424	0.3642246139	15.18486423	7747592.669	107668127.2	31.17348011	-0.165453991	0.165453991	0.02329667913	nan	nan
25	cg24_push_0014	125711	-0.0003230398085	0.04812323397	0.01750477209	2.029290908e-05	0.000844767057	0.007340527883	0.04149192593	0.03788783191	0.0006185553506	0.007043420196	0.3527010461	19.7578129	7946156.171	148377475.3	nan	nan	nan	nan	nan	nan	|	cg24_push_0000	124358	cg24_push_0014	125711	arc_length	200	0.02847059424	0.3642246139	15.18486423	7747592.669	107668127.2	31.3759053	-0.1576522011	0.1576522011	0.02570486548	nan	nan
25	cg24_push_0014	125711	-0.0003230398085	0.04812323397	0.01750477209	2.029290908e-05	0.000844767057	0.007340527883	0.04149192593	0.03788783191	0.0006185553506	0.007043420196	0.3527010461	19.7578129	7946156.171	148377475.3	nan	nan	nan	nan	nan	nan	|	cg24_push_0000	124358	cg24_push_0014	125711	arc_length	200	0.02847059424	0.3642246139	15.18486423	7747592.669	107668127.2	31.5783305	-0.1626186536	0.1626186536	0.02827354006	nan	nan
25	cg24_push_0014	125711	-0.0003230398085	0.04812323397	0.01750477209	2.029290908e-05	0.000844767057	0.007340527883	0.04149192593	0.03788783191	0.0006185553506	0.007043420196	0.3527010461	19.7578129	7946156.171	148377475.3	nan	nan	nan	nan	nan	nan	|	cg24_push_0000	124358	cg24_push_0014	125711	arc_length	200	0.02847059424	0.3642246139	15.18486423	7747592.669	107668127.2	31.78075569	-0.1716418506	0.1716418506	0.03100787992	nan	nan
25	cg24_push_0014	125711	-0.0003230398085	0.04812323397	0.01750477209	2.029290908e-05	0.000844767057	0.007340527883	0.04149192593	0.03788783191	0.0006185553506	0.007043420196	0.3527010461	19.7578129	7946156.171	148377475.3	nan	nan	nan	nan	nan	nan	|	cg24_push_0000	124358	cg24_push_0014	125711	arc_length	200	0.02847059424	0.3642246139	15.18486423	7747592.669	107668127.2	31.98318089	-0.1806650476	0.1806650476	0.03391306209	nan	nan
25	cg24_push_0014	125711	-0.0003230398085	0.04812323397	0.01750477209	2.029290908e-05	0.000844767057	0.007340527883	0.04149192593	0.03788783191	0.0006185553506	0.007043420196	0.3527010461	19.7578129	7946156.171	148377475.3	nan	nan	nan	nan	nan	nan	|	cg24_push_0000	124358	cg24_push_0014	125711	arc_length	200	0.02847059424	0.3642246139	15.18486423	7747592.669	107668127.2	32.18560608	-0.174990279	0.174990279	0.03699426361	nan	nan
25	cg24_push_0014	125711	-0.0003230398085	0.04812323397	0.01750477209	2.029290908e-05	0.000844767057	0.007340527883	0.04149192593	0.03788783191	0.0006185553506	0.007043420196	0.3527010461	19.7578129	7946156.171	148377475.3	nan	nan	nan	nan	nan	nan	|	cg24_push_0000	124358	cg24_push_0014	125711	arc_length	200	0.02847059424	0.3642246139	15.18486423	7747592.669	107668127.2	32.38803128	-0.1551151443	0.1551151443	0.04025666153	nan	nan
25	cg24_push_0014	125711	-0.0003230398085	0.04812323397	0.01750477209	2.029290908e-05	0.000844767057	0.007340527883	0.04149192593	0.03788783191	0.0006185553506	0.007043420196	0.3527010461	19.7578129	7946156.171	148377475.3	nan	nan	nan	nan	nan	nan	|	cg24_push_0000	124358	cg24_push_0014	125711	arc_length	200	0.02847059424	0.3642246139	15.18486423	7747592.669	107668127.2	32.59045647	-0.1341610878	0.1341610878	0.04370543288	nan	nan
25	cg24_push_0014	125711	-0.0003230398085	0.04812323397	0.01750477209	2.029290908e-05	0.000844767057	0.007340527883	0.04149192593	0.03788783191	0.0006185553506	0.007043420196	0.3527010461	19.7578129	7946156.171	148377475.3	nan	nan	nan	nan	nan	nan	|	cg24_push_0000	124358	cg24_push_0014	125711	arc_length	200	0.02847059424	0.3642246139	15.18486423	7747592.669	107668127.2	32.79288167	-0.1266947911	0.1266947911	0.0473457547	nan	nan
25	cg24_push_0014	125711	-0.0003230398085	0.04812323397	0.01750477209	2.029290908e-05	0.000844767057	0.007340527883	0.04149192593	0.03788783191	0.0006185553506	0.007043420196	0.3527010461	19.7578129	7946156.171	148377475.3	nan	nan	nan	nan	nan	nan	|	cg24_push_0000	124358	cg24_push_0014	125711	arc_length	200	0.02847059424	0.3642246139	15.18486423	7747592.669	107668127.2	32.99530686	-0.1506470941	0.1506470941	0.05118280404	nan	nan
25	cg24_push_0014	125711	-0.0003230398085	0.04812323397	0.01750477209	2.029290908e-05	0.000844767057	0.007340527883	0.04149192593	0.03788783191	0.0006185553506	0.007043420196	0.3527010461	19.7578129	7946156.171	148377475.3	nan	nan	nan	nan	nan	nan	|	cg24_push_0000	124358	cg24_push_0014	125711	arc_length	200	0.02847059424	0.3642246139	15.18486423	7747592.669	107668127.2	33.19773206	-0.1802719248	0.1802719248	0.05522175793	nan	nan
25	cg24_push_0014	125711	-0.0003230398085	0.04812323397	0.01750477209	2.029290908e-05	0.000844767057	0.007340527883	0.04149192593	0.03788783191	0.0006185553506	0.007043420196	0.3527010461	19.7578129	7946156.171	148377475.3	nan	nan	nan	nan	nan	nan	|	cg24_push_0000	124358	cg24_push_0014	125711	arc_length	200	0.02847059424	0.3642246139	15.18486423	7747592.669	107668127.2	33.40015726	-0.1875738585	0.1875738585	0.05946779341	nan	nan
25	cg24_push_0014	125711	-0.0003230398085	0.04812323397	0.01750477209	2.029290908e-05	0.000844767057	0.007340527883	0.04149192593	0.03788783191	0.0006185553506	0.007043420196	0.3527010461	19.7578129	7946156.171	148377475.3	nan	nan	nan	nan	nan	nan	|	cg24_push_0000	124358	cg24_push_0014	125711	arc_length	200	0.02847059424	0.3642246139	15.18486423	7747592.669	107668127.2	33.60258245	-0.1668924567	0.1668924567	0.06392608752	nan	nan
25	cg24_push_0014	125711	-0.0003230398085	0.04812323397	0.01750477209	2.029290908e-05	0.000844767057	0.007340527883	0.04149192593	0.03788783191	0.0006185553506	0.007043420196	0.3527010461	19.7578129	7946156.171	148377475.3	nan	nan	nan	nan	nan	nan	|	cg24_push_0000	124358	cg24_push_0014	125711	arc_length	200	0.02847059424	0.3642246139	15.18486423	7747592.669	107668127.2	33.80500765	-0.1427210611	0.1427210611	0.06860181731	nan	nan
25	cg24_push_0014	125711	-0.0003230398085	0.04812323397	0.01750477209	2.029290908e-05	0.000844767057	0.007340527883	0.04149192593	0.03788783191	0.0006185553506	0.007043420196	0.3527010461	19.7578129	7946156.171	148377475.3	nan	nan	nan	nan	nan	nan	|	cg24_push_0000	124358	cg24_push_0014	125711	arc_length	200	0.02847059424	0.3642246139	15.18486423	7747592.669	107668127.2	34.00743284	-0.1326521103	0.1326521103	0.0735001598	nan	nan
25	cg24_push_0014	125711	-0.0003230398085	0.04812323397	0.01750477209	2.029290908e-05	0.000844767057	0.007340527883	0.04149192593	0.03788783191	0.0006185553506	0.007043420196	0.3527010461	19.7578129	7946156.171	148377475.3	nan	nan	nan	nan	nan	nan	|	cg24_push_0000	124358	cg24_push_0014	125711	arc_length	200	0.02847059424	0.3642246139	15.18486423	7747592.669	107668127.2	34.20985804	-0.1416832656	0.1416832656	0.07862629205	nan	nan
25	cg24_push_0014	125711	-0.0003230398085	0.04812323397	0.01750477209	2.029290908e-05	0.000844767057	0.007340527883	0.04149192593	0.03788783191	0.0006185553506	0.007043420196	0.3527010461	19.7578129	7946156.171	148377475.3	nan	nan	nan	nan	nan	nan	|	cg24_push_0000	124358	cg24_push_0014	125711	arc_length	200	0.02847059424	0.3642246139	15.18486423	7747592.669	107668127.2	34.41228323	-0.1507064626	0.1507064626	0.08398539109	nan	nan
25	cg24_push_0014	125711	-0.0003230398085	0.04812323397	0.01750477209	2.029290908e-05	0.000844767057	0.007340527883	0.04149192593	0.03788783191	0.0006185553506	0.007043420196	0.3527010461	19.7578129	7946156.171	148377475.3	nan	nan	nan	nan	nan	nan	|	cg24_push_0000	124358	cg24_push_0014	125711	arc_length	200	0.02847059424	0.3642246139	15.18486423	7747592.669	107668127.2	34.61470843	-0.1451149974	0.1451149974	0.08958263396	nan	nan
25	cg24_push_0014	125711	-0.0003230398085	0.04812323397	0.01750477209	2.029290908e-05	0.000844767057	0.007340527883	0.04149192593	0.03788783191	0.0006185553506	0.007043420196	0.3527010461	19.7578129	7946156.171	148377475.3	nan	nan	nan	nan	nan	nan	|	cg24_push_0000	124358	cg24_push_0014	125711	arc_length	200	0.02847059424	0.3642246139	15.18486423	7747592.669	107668127.2	34.81713362	-0.133971375	0.133971375	0.0954231977	nan	nan
25	cg24_push_0014	125711	-0.0003230398085	0.04812323397	0.01750477209	2.029290908e-05	0.000844767057	0.007340527883	0.04149192593	0.03788783191	0.0006185553506	0.007043420196	0.3527010461	19.7578129	7946156.171	148377475.3	nan	nan	nan	nan	nan	nan	|	cg24_push_0000	124358	cg24_push_0014	125711	arc_length	200	0.02847059424	0.3642246139	15.18486423	7747592.669	107668127.2	35.01955882	-0.1316694465	0.1316694465	0.1015122594	nan	nan
25	cg24_push_0014	125711	-0.0003230398085	0.04812323397	0.01750477209	2.029290908e-05	0.000844767057	0.007340527883	0.04149192593	0.03788783191	0.0006185553506	0.007043420196	0.3527010461	19.7578129	7946156.171	148377475.3	nan	nan	nan	nan	nan	nan	|	cg24_push_0000	124358	cg24_push_0014	125711	arc_length	200	0.02847059424	0.3642246139	15.18486423	7747592.669	107668127.2	35.22198402	-0.1406926435	0.1406926435	0.107854996	nan	nan
25	cg24_push_0014	125711	-0.0003230398085	0.04812323397	0.01750477209	2.029290908e-05	0.000844767057	0.007340527883	0.04149192593	0.03788783191	0.0006185553506	0.007043420196	0.3527010461	19.7578129	7946156.171	148377475.3	nan	nan	nan	nan	nan	nan	|	cg24_push_0000	124358	cg24_push_0014	125711	arc_length	200	0.02847059424	0.3642246139	15.18486423	7747592.669	107668127.2	35.42440921	-0.1497158405	0.1497158405	0.1144565845	nan	nan
25	cg24_push_0014	125711	-0.0003230398085	0.04812323397	0.01750477209	2.029290908e-05	0.000844767057	0.007340527883	0.04149192593	0.03788783191	0.0006185553506	0.007043420196	0.3527010461	19.7578129	7946156.171	148377475.3	nan	nan	nan	nan	nan	nan	|	cg24_push_0000	124358	cg24_push_0014	125711	arc_length	200	0.02847059424	0.3642246139	15.18486423	7747592.669	107668127.2	35.62683441	-0.1587390374	0.1587390374	0.1213222022	nan	nan
25	cg24_push_0014	125711	-0.0003230398085	0.04812323397	0.01750477209	2.029290908e-05	0.000844767057	0.007340527883	0.04149192593	0.03788783191	0.0006185553506	0.007043420196	0.3527010461	19.7578129	7946156.171	148377475.3	nan	nan	nan	nan	nan	nan	|	cg24_push_0000	124358	cg24_push_0014	125711	arc_length	200	0.02847059424	0.3642246139	15.18486423	7747592.669	107668127.2	35.8292596	-0.1677622344	0.1677622344	0.1284570259	nan	nan
25	cg24_push_0014	125711	-0.0003230398085	0.04812323397	0.01750477209	2.029290908e-05	0.000844767057	0.007340527883	0.04149192593	0.03788783191	0.0006185553506	0.007043420196	0.3527010461	19.7578129	7946156.171	148377475.3	nan	nan	nan	nan	nan	nan	|	cg24_push_0000	124358	cg24_push_0014	125711	arc_length	200	0.02847059424	0.3642246139	15.18486423	7747592.669	107668127.2	36.0316848	-0.1767854313	0.1767854313	0.1358662327	nan	nan
25	cg24_push_0014	125711	-0.0003230398085	0.04812323397	0.01750477209	2.029290908e-05	0.000844767057	0.007340527883	0.04149192593	0.03788783191	0.0006185553506	0.007043420196	0.3527010461	19.7578129	7946156.171	148377475.3	nan	nan	nan	nan	nan	nan	|	cg24_push_0000	124358	cg24_push_0014	125711	arc_length	200	0.02847059424	0.3642246139	15.18486423	7747592.669	107668127.2	36.23410999	-0.1858086283	0.1858086283	0.1435549996	nan	nan
25	cg24_push_0014	125711	-0.0003230398085	0.04812323397	0.01750477209	2.029290908e-05	0.000844767057	0.007340527883	0.04149192593	0.03788783191	0.0006185553506	0.007043420196	0.3527010461	19.7578129	7946156.171	148377475.3	nan	nan	nan	nan	nan	nan	|	cg24_push_0000	124358	cg24_push_0014	125711	arc_length	200	0.02847059424	0.3642246139	15.18486423	7747592.669	107668127.2	36.43653519	-0.1948318253	0.1948318253	0.1515285038	nan	nan
25	cg24_push_0014	125711	-0.0003230398085	0.04812323397	0.01750477209	2.029290908e-05	0.000844767057	0.007340527883	0.04149192593	0.03788783191	0.0006185553506	0.007043420196	0.3527010461	19.7578129	7946156.171	148377475.3	nan	nan	nan	nan	nan	nan	|	cg24_push_0000	124358	cg24_push_0014	125711	arc_length	200	0.02847059424	0.3642246139	15.18486423	7747592.669	107668127.2	36.63896038	-0.2038550222	0.2038550222	0.1597919221	nan	nan
25	cg24_push_0014	125711	-0.0003230398085	0.04812323397	0.01750477209	2.029290908e-05	0.000844767057	0.007340527883	0.04149192593	0.03788783191	0.0006185553506	0.007043420196	0.3527010461	19.7578129	7946156.171	148377475.3	nan	nan	nan	nan	nan	nan	|	cg24_push_0000	124358	cg24_push_0014	125711	arc_length	200	0.02847059424	0.3642246139	15.18486423	7747592.669	107668127.2	36.84138558	-0.2128782192	0.2128782192	0.1683504318	nan	nan
25	cg24_push_0014	125711	-0.0003230398085	0.04812323397	0.01750477209	2.029290908e-05	0.000844767057	0.007340527883	0.04149192593	0.03788783191	0.0006185553506	0.007043420196	0.3527010461	19.7578129	7946156.171	148377475.3	nan	nan	nan	nan	nan	nan	|	cg24_push_0000	124358	cg24_push_0014	125711	arc_length	200	0.02847059424	0.3642246139	15.18486423	7747592.669	107668127.2	37.04381077	-0.2219014161	0.2219014161	0.1772092097	nan	nan
25	cg24_push_0014	125711	-0.0003230398085	0.04812323397	0.01750477209	2.029290908e-05	0.000844767057	0.007340527883	0.04149192593	0.03788783191	0.0006185553506	0.007043420196	0.3527010461	19.7578129	7946156.171	148377475.3	nan	nan	nan	nan	nan	nan	|	cg24_push_0000	124358	cg24_push_0014	125711	arc_length	200	0.02847059424	0.3642246139	15.18486423	7747592.669	107668127.2	37.24623597	-0.2309246131	0.2309246131	0.186373433	nan	nan
25	cg24_push_0014	125711	-0.0003230398085	0.04812323397	0.01750477209	2.029290908e-05	0.000844767057	0.007340527883	0.04149192593	0.03788783191	0.0006185553506	0.007043420196	0.3527010461	19.7578129	7946156.171	148377475.3	nan	nan	nan	nan	nan	nan	|	cg24_push_0000	124358	cg24_push_0014	125711	arc_length	200	0.02847059424	0.3642246139	15.18486423	7747592.669	107668127.2	37.44866117	-0.2399478101	0.2399478101	0.1958482787	nan	nan
25	cg24_push_0014	125711	-0.0003230398085	0.04812323397	0.01750477209	2.029290908e-05	0.000844767057	0.007340527883	0.04149192593	0.03788783191	0.0006185553506	0.007043420196	0.3527010461	19.7578129	7946156.171	148377475.3	nan	nan	nan	nan	nan	nan	|	cg24_push_0000	124358	cg24_push_0014	125711	arc_length	200	0.02847059424	0.3642246139	15.18486423	7747592.669	107668127.2	37.65108636	-0.2394638625	0.2394638625	0.2056389238	nan	nan
25	cg24_push_0014	125711	-0.0003230398085	0.04812323397	0.01750477209	2.029290908e-05	0.000844767057	0.007340527883	0.04149192593	0.03788783191	0.0006185553506	0.007043420196	0.3527010461	19.7578129	7946156.171	148377475.3	nan	nan	nan	nan	nan	nan	|	cg24_push_0000	124358	cg24_push_0014	125711	arc_length	200	0.02847059424	0.3642246139	15.18486423	7747592.669	107668127.2	37.85351156	-0.2283206746	0.2283206746	0.2157505454	nan	nan
25	cg24_push_0014	125711	-0.0003230398085	0.04812323397	0.01750477209	2.029290908e-05	0.000844767057	0.007340527883	0.04149192593	0.03788783191	0.0006185553506	0.007043420196	0.3527010461	19.7578129	7946156.171	148377475.3	nan	nan	nan	nan	nan	nan	|	cg24_push_0000	124358	cg24_push_0014	125711	arc_length	200	0.02847059424	0.3642246139	15.18486423	7747592.669	107668127.2	38.05593675	-0.2171773983	0.2171773983	0.2261883205	nan	nan
25	cg24_push_0014	125711	-0.0003230398085	0.04812323397	0.01750477209	2.029290908e-05	0.000844767057	0.007340527883	0.04149192593	0.03788783191	0.0006185553506	0.007043420196	0.3527010461	19.7578129	7946156.171	148377475.3	nan	nan	nan	nan	nan	nan	|	cg24_push_0000	124358	cg24_push_0014	125711	arc_length	200	0.02847059424	0.3642246139	15.18486423	7747592.669	107668127.2	38.25836195	-0.2060337324	0.2060337324	0.2369574261	nan	nan
25	cg24_push_0014	125711	-0.0003230398085	0.04812323397	0.01750477209	2.029290908e-05	0.000844767057	0.007340527883	0.04149192593	0.03788783191	0.0006185553506	0.007043420196	0.3527010461	19.7578129	7946156.171	148377475.3	nan	nan	nan	nan	nan	nan	|	cg24_push_0000	124358	cg24_push_0014	125711	arc_length	200	0.02847059424	0.3642246139	15.18486423	7747592.669	107668127.2	38.46078714	-0.1948900665	0.1948900665	0.2480630393	nan	nan
25	cg24_push_0014	125711	-0.0003230398085	0.04812323397	0.01750477209	2.029290908e-05	0.000844767057	0.007340527883	0.04149192593	0.03788783191	0.0006185553506	0.007043420196	0.3527010461	19.7578129	7946156.171	148377475.3	nan	nan	nan	nan	nan	nan	|	cg24_push_0000	124358	cg24_push_0014	125711	arc_length	200	0.02847059424	0.3642246139	15.18486423	7747592.669	107668127.2	38.66321234	-0.2018747812	0.2018747812	0.2595103372	nan	nan
25	cg24_push_0014	125711	-0.0003230398085	0.04812323397	0.01750477209	2.029290908e-05	0.000844767057	0.007340527883	0.04149192593	0.03788783191	0.0006185553506	0.007043420196	0.3527010461	19.7578129	7946156.171	148377475.3	nan	nan	nan	nan	nan	nan	|	cg24_push_0000	124358	cg24_push_0014	125711	arc_length	200	0.02847059424	0.3642246139	15.18486423	7747592.669	107668127.2	38.86563753	-0.2108979782	0.2108979782	0.2713044967	nan	nan
25	cg24_push_0014	125711	-0.0003230398085	0.04812323397	0.01750477209	2.029290908e-05	0.000844767057	0.007340527883	0.04149192593	0.03788783191	0.0006185553506	0.007043420196	0.3527010461	19.7578129	7946156.171	148377475.3	nan	nan	nan	nan	nan	nan	|	cg24_push_0000	124358	cg24_push_0014	125711	arc_length	200	0.02847059424	0.3642246139	15.18486423	7747592.669	107668127.2	39.06806273	-0.2199211752	0.2199211752	0.2834506949	nan	nan
25	cg24_push_0014	125711	-0.0003230398085	0.04812323397	0.01750477209	2.029290908e-05	0.000844767057	0.007340527883	0.04149192593	0.03788783191	0.0006185553506	0.007043420196	0.3527010461	19.7578129	7946156.171	148377475.3	nan	nan	nan	nan	nan	nan	|	cg24_push_0000	124358	cg24_push_0014	125711	arc_length	200	0.02847059424	0.3642246139	15.18486423	7747592.669	107668127.2	39.27048792	-0.2289443721	0.2289443721	0.2959541089	nan	nan
25	cg24_push_0014	125711	-0.0003230398085	0.04812323397	0.01750477209	2.029290908e-05	0.000844767057	0.007340527883	0.04149192593	0.03788783191	0.0006185553506	0.007043420196	0.3527010461	19.7578129	7946156.171	148377475.3	nan	nan	nan	nan	nan	nan	|	cg24_push_0000	124358	cg24_push_0014	125711	arc_length	200	0.02847059424	0.3642246139	15.18486423	7747592.669	107668127.2	39.47291312	-0.2379675691	0.2379675691	0.3088199157	nan	nan
25	cg24_push_0014	125711	-0.0003230398085	0.04812323397	0.01750477209	2.029290908e-05	0.000844767057	0.007340527883	0.04149192593	0.03788783191	0.0006185553506	0.007043420196	0.3527010461	19.7578129	7946156.171	148377475.3	nan	nan	nan	nan	nan	nan	|	cg24_push_0000	124358	cg24_push_0014	125711	arc_length	200	0.02847059424	0.3642246139	15.18486423	7747592.669	107668127.2	39.67533832	-0.2693553667	0.2693553667	0.3220532922	nan	nan
25	cg24_push_0014	125711	-0.0003230398085	0.04812323397	0.01750477209	2.029290908e-05	0.000844767057	0.007340527883	0.04149192593	0.03788783191	0.0006185553506	0.007043420196	0.3527010461	19.7578129	7946156.171	148377475.3	nan	nan	nan	nan	nan	nan	|	cg24_push_0000	124358	cg24_push_0014	125711	arc_length	200	0.02847059424	0.3642246139	15.18486423	7747592.669	107668127.2	39.87776351	-0.300546661	0.300546661	0.3356594157	nan	nan
25	cg24_push_0014	125711	-0.0003230398085	0.04812323397	0.01750477209	2.029290908e-05	0.000844767057	0.007340527883	0.04149192593	0.03788783191	0.0006185553506	0.007043420196	0.3527010461	19.7578129	7946156.171	148377475.3	nan	nan	nan	nan	nan	nan	|	cg24_push_0000	124358	cg24_push_0014	125711	arc_length	200	0.02847059424	0.3642246139	15.18486423	7747592.669	107668127.2	40.08018871	-0.287182766	0.287182766	0.349643463	nan	nan
25	nan	nan	nan	nan	nan	nan	nan	nan	nan	nan	nan	nan	nan	nan	nan	nan	nan	nan	nan	nan	nan	nan	|	cg24_push_0000	124358	cg24_push_0014	125711	arc_length	200	0.02847059424	0.3642246139	15.18486423	7747592.669	107668127.2	40.2826139	-0.273818871	0.273818871	0.3640106113	nan	nan
