x_pre x_post y_pre y_post x_pre_image y_pre_image x_post_image y_post_image
2.6588856860 2.6616860000 9.3941308600 9.4402370000 9.3941308600 2.6588856860 9.4402370000 2.6616860000
3.1191271821 3.1221860000 9.4095287251 9.4402370000 9.4095287251 3.1191271821 9.4402370000 3.1221860000
3.6238531379 3.5826850000 9.4724906295 9.4402370000 9.4724906295 3.6238531379 9.4402370000 3.5826850000
4.1761441326 3.9971350000 9.4909681077 9.4862870000 9.4909681077 4.1761441326 9.4862870000 3.9971350000
4.7284341278 4.3655340000 9.5094455524 9.4402370000 9.5094455524 4.7284341278 9.4402370000 4.3655340000
5.2346998735 4.8720840000 9.5263832073 9.4862870000 9.5263832073 5.2346998735 9.4862870000 4.8720840000
5.6949423691 5.3786330000 9.5417811058 9.5783870000 9.5417811058 5.6949423691 9.5783870000 5.3786330000
6.1551838652 5.8391320000 9.5571789708 9.5323370000 9.5571789708 6.1551838652 9.5323370000 5.8391320000
6.6154253613 6.2996320000 9.5725768359 9.5323370000 9.5725768359 6.6154253613 9.5323370000 6.2996320000
7.0756678569 6.8982810000 9.5879747343 9.5323370000 9.5879747343 7.0756678569 9.5323370000 6.8982810000
7.3533521446 7.4048300000 9.5511891904 9.5783870000 9.5511891904 7.3533521446 9.5783870000 7.4048300000
9.1452162987 7.9113790000 9.7032894267 9.6244370000 9.7032894267 9.1452162987 9.6244370000 7.9113790000
9.5609733352 8.3258290000 9.6711232524 9.6244370000 9.6711232524 9.5609733352 9.6244370000 8.3258290000
9.9751915812 8.6481780000 9.6849813610 9.6704870000 9.6849813610 9.9751915812 9.6704870000 8.6481780000
10.3403049985 9.1547280000 9.7893481455 9.6704870000 9.7893481455 10.3403049985 9.6704870000 9.1547280000
10.7100387848 9.5691770000 9.7556422147 9.6704870000 9.7556422147 10.7100387848 9.6704870000 9.5691770000
11.1242560313 10.0757270000 9.7695002899 9.7165370000 9.7695002899 11.1242560313 9.7165370000 10.0757270000
11.5384742773 10.5362260000 9.7833583985 9.7165370000 9.7833583985 11.5384742773 9.7165370000 10.5362260000
11.9987157735 10.9506750000 9.7987562636 9.7165370000 9.7987562636 11.9987157735 9.7165370000 10.9506750000
12.4129340195 11.4572250000 9.8126143722 9.7625870000 9.8126143722 12.4129340195 9.7625870000 11.4572250000
12.8731755156 11.9177240000 9.8280122372 9.8086370000 9.8280122372 12.8731755156 9.8086370000 11.9177240000
13.3809810511 12.4703230000 9.7989256426 9.8086370000 9.7989256426 13.3809810511 9.8086370000 12.4703230000
13.8427633365 13.4373720000 9.7682992915 9.8086370000 9.7682992915 13.8427633365 9.8086370000 13.4373720000
14.3490290822 13.8518220000 9.7852369464 9.8546870000 9.7852369464 14.3490290822 9.8546870000 13.8518220000
14.8997792876 14.3583710000 9.8497386407 9.8086370000 9.8497386407 14.8997792876 9.8086370000 14.3583710000
15.4536090727 14.7267700000 9.8221918359 9.8546870000 9.8221918359 15.4536090727 9.8546870000 14.7267700000
16.0059000674 15.2333200000 9.8406693140 9.8546870000 9.8406693140 16.0059000674 9.8546870000 15.2333200000
16.4661415635 15.7859190000 9.8560671791 9.8546870000 9.8560671791 16.4661415635 9.8546870000 15.7859190000
16.9263840590 16.3385180000 9.8714650776 9.9007370000 9.8714650776 16.9263840590 9.9007370000 16.3385180000
17.3866255552 16.8911170000 9.8868629426 9.9007370000 9.8868629426 17.3866255552 9.9007370000 16.8911170000
17.9389155504 17.4437170000 9.9053403873 9.9007370000 9.9053403873 17.9389155504 9.9007370000 17.4437170000
18.3991580460 17.9963160000 9.9207382858 9.9467870000 9.9207382858 18.3991580460 9.9467870000 17.9963160000
18.8593995421 18.5489150000 9.9361361509 9.9467870000 9.9361361509 18.8593995421 9.9467870000 18.5489150000
19.2736167887 19.1015150000 9.9499942261 9.9467870000 9.9499942261 19.2736167887 9.9467870000 19.1015150000
19.6878350347 19.5620140000 9.9638523347 9.9928370000 9.9638523347 19.6878350347 9.9928370000 19.5620140000
20.1020522812 20.0225130000 9.9777104099 9.9928370000 9.9777104099 20.1020522812 9.9928370000 20.0225130000
20.5622947768 20.5290630000 9.9931083084 9.9928370000 9.9931083084 20.5622947768 9.9928370000 20.5290630000
20.9765120234 20.9895620000 10.0069663836 9.9928370000 10.0069663836 20.9765120234 9.9928370000 20.9895620000
21.3891904795 21.5421610000 10.0668487417 10.0388870000 10.0668487417 21.3891904795 10.0388870000 21.5421610000
21.8494319756 22.1408100000 10.0822466068 10.0388870000 10.0822466068 21.8494319756 10.0388870000 22.1408100000
22.2636492222 22.6473600000 10.0961046820 10.0849370000 10.0961046820 22.2636492222 10.0849370000 22.6473600000
22.7699159673 23.1078590000 10.1130423703 10.0849370000 10.1130423703 22.7699159673 10.0849370000 23.1078590000
23.2316972533 23.6144090000 10.0824159858 10.0849370000 10.0824159858 23.2316972533 10.0849370000 23.6144090000
23.6919397489 24.0749080000 10.0978138843 10.0849370000 10.0978138843 23.6919397489 10.0849370000 24.0749080000
24.1982054945 24.5354070000 10.1147515392 10.1309860000 10.1147515392 24.1982054945 10.1309860000 24.5354070000
24.6584469907 24.9959070000 10.1301494042 10.1309860000 10.1301494042 24.6584469907 10.1309860000 24.9959070000
25.1186894862 25.4564060000 10.1455473027 10.1309860000 10.1455473027 25.1186894862 10.1309860000 25.4564060000
25.6249552319 25.8708560000 10.1624849576 10.1770360000 10.1624849576 25.6249552319 10.1770360000 25.8708560000
26.0851967280 26.3313550000 10.1778828226 10.1770360000 10.1778828226 26.0851967280 10.1770360000 26.3313550000
26.5454392236 26.8379040000 10.1932807211 10.2230860000 10.1932807211 26.5454392236 10.2230860000 26.8379040000
27.0517049693 27.3905030000 10.2102183760 10.2691360000 10.2102183760 27.0517049693 10.2691360000 27.3905030000
27.6039949645 27.8970530000 10.2286958207 10.2230860000 10.2286958207 27.6039949645 10.2230860000 27.8970530000
28.1102617096 28.4496520000 10.2456335090 10.2230860000 10.2456335090 28.1102617096 10.2230860000 28.4496520000
28.7085759544 28.9562010000 10.2656507436 10.2230860000 10.2656507436 28.7085759544 10.2230860000 28.9562010000
29.2608659497 29.5088010000 10.2841281884 10.2230860000 10.2841281884 29.2608659497 10.2230860000 29.5088010000
29.7671316953 30.0614000000 10.3010658433 10.3151860000 10.3010658433 29.7671316953 10.3151860000 30.0614000000
30.2273741909 30.6139990000 10.3164637417 10.3151860000 10.3164637417 30.2273741909 10.3151860000 30.6139990000
30.8256884357 31.0744990000 10.3364809763 10.3151860000 10.3364809763 30.8256884357 10.3151860000 31.0744990000
31.3319541814 31.6270980000 10.3534186312 10.3151860000 10.3534186312 31.3319541814 10.3151860000 31.6270980000
31.9302694256 32.7322960000 10.3734358992 10.3612360000 10.3734358992 31.9302694256 10.3612360000 32.7322960000
32.8967766674 33.1467460000 10.4057714192 10.4072860000 10.4057714192 32.8967766674 10.4072860000 33.1467460000
33.4950909122 33.6072450000 10.4257886538 10.4072860000 10.4257886538 33.4950909122 10.4072860000 33.6072450000
34.0013576573 34.0677450000 10.4427263421 10.4072860000 10.4427263421 34.0013576573 10.4072860000 34.0677450000
34.7377446508 34.6203440000 10.4673629462 10.4072860000 10.4673629462 34.7377446508 10.4072860000 34.6203440000
35.2440103964 35.1729430000 10.4843006011 10.4072860000 10.4843006011 35.2440103964 10.4072860000 35.1729430000
35.7042518926 35.5873930000 10.4996984661 10.4533360000 10.4996984661 35.7042518926 10.4533360000 35.5873930000
36.1644943881 36.0478920000 10.5150963646 10.4993860000 10.5150963646 36.1644943881 10.4993860000 36.0478920000
37.0389541303 36.6004910000 10.5443523383 10.4993860000 10.5443523383 37.0389541303 10.4993860000 36.6004910000
37.5912441255 37.1070410000 10.5628297830 10.4993860000 10.5628297830 37.5912441255 10.4993860000 37.1070410000
38.0990496610 37.7056900000 10.5337431884 10.4993860000 10.5337431884 38.0990496610 10.4993860000 37.7056900000
38.5577523667 38.4885390000 10.5951653364 10.4533360000 10.5951653364 38.5577523667 10.4533360000 38.4885390000
38.9274851536 38.8569380000 10.5614593722 10.4993860000 10.5614593722 38.9274851536 10.4993860000 38.8569380000
