x_pre x_post y_pre y_post x_pre_image y_pre_image x_post_image y_post_image
5.4679520837 5.5849370000 32.9917574717 33.0822760000 32.9917574717 5.4679520837 33.0822760000 5.5849370000
6.0571540942 6.2480560000 33.0084705087 33.0822760000 33.0084705087 6.0571540942 33.0822760000 6.2480560000
6.7200074805 6.9111750000 33.0272727073 33.1559560000 33.0272727073 6.7200074805 33.1559560000 6.9111750000
7.4544211103 7.4269340000 33.1218143869 33.1559560000 33.1218143869 7.4544211103 33.1559560000 7.4269340000
8.1909238732 8.0163730000 33.1427056903 33.0822760000 33.1427056903 8.1909238732 33.0822760000 8.0163730000
8.9274266362 8.5321330000 33.1635969937 33.3033160000 33.1635969937 8.9274266362 33.3033160000 8.5321330000
9.5881898897 9.0478920000 33.2560495402 33.3033160000 33.2560495402 9.5881898897 33.3033160000 9.0478920000
10.3983430289 10.0057310000 33.2790299768 33.3033160000 33.2790299768 10.3983430289 33.2296360000 10.8898890000
11.1348457919 10.8898890000 33.2999212802 33.2296360000 33.2999212802 11.1348457919 33.3033160000 11.4793290000
11.8713485548 11.4793290000 33.3208125835 33.3033160000 33.3208125835 11.8713485548 33.2296360000 12.2161280000
12.7551510707 12.2161280000 33.3458821249 33.2296360000 33.3458821249 12.7551510707 33.2296360000 12.9529270000
13.5653042099 12.9529270000 33.3688625615 33.2296360000 33.3688625615 13.5653042099 33.2296360000 13.3950060000
14.3733682160 13.3950060000 33.4654933743 33.2296360000 33.4654933743 14.3733682160 33.4506750000 13.9844450000
15.1835213552 13.9844450000 33.4884738109 33.4506750000 33.4884738109 15.1835213552 33.3769950000 14.7212440000
15.9179349849 14.7212440000 33.5830154905 33.3769950000 33.5830154905 15.9179349849 33.4506750000 15.3843630000
16.6544377479 15.3843630000 33.6039067939 33.4506750000 33.6039067939 16.6544377479 33.4506750000 16.1948420000
17.3172901346 16.1948420000 33.6227089641 33.4506750000 33.6227089641 17.3172901346 33.4506750000 16.6369220000
17.9801435209 16.6369220000 33.6415111627 33.4506750000 33.6415111627 17.9801435209 33.5980350000 17.3000410000
18.7902956605 17.3000410000 33.6644915709 33.5980350000 33.6644915709 18.7902956605 33.5980350000 18.0368400000
19.5267984235 18.0368400000 33.6853828743 33.5980350000 33.6853828743 19.5267984235 33.5980350000 18.9946790000
20.2633011864 18.9946790000 33.7062741777 33.5980350000 33.7062741777 20.2633011864 33.5980350000 20.0261970000
20.9998039494 20.0261970000 33.7271654811 33.5980350000 33.7271654811 20.9998039494 33.6717150000 20.9103560000
21.7363077119 20.9103560000 33.7480568128 33.6717150000 33.7480568128 21.7363077119 33.8927550000 21.6471550000
22.4728104749 21.6471550000 33.7689481162 33.8927550000 33.7689481162 22.4728104749 33.8190750000 22.4576340000
23.1377519948 22.4576340000 33.7140999102 33.8190750000 33.7140999102 23.1377519948 33.8190750000 23.4154730000
23.9479051340 23.4154730000 33.7370803467 33.8190750000 33.7370803467 23.9479051340 33.7453950000 24.2996320000
24.7580572736 24.2996320000 33.7600607549 33.7453950000 33.7600607549 24.7580572736 33.9664350000 24.7417110000
25.9301948946 24.7417110000 34.0144379861 33.9664350000 34.0144379861 25.9301948946 33.9664350000 25.4048300000
26.5951364145 25.4048300000 33.9595897801 33.9664350000 33.9595897801 26.5951364145 34.0401150000 26.2889890000
27.4052895537 26.2889890000 33.9825702167 34.0401150000 33.9825702167 27.4052895537 34.0401150000 27.2468280000
28.2133535597 27.2468280000 34.0792010295 34.0401150000 34.0792010295 28.2133535597 34.1137950000 27.9099470000
28.8762059464 27.9099470000 34.0980031997 34.1137950000 34.0980031997 28.8762059464 34.1137950000 28.6467460000
29.7600094619 28.6467460000 34.1230727694 34.1137950000 34.1230727694 29.7600094619 34.1137950000 29.3835450000
30.6438129773 29.3835450000 34.1481423392 34.1137950000 34.1481423392 30.6438129773 34.1137950000 30.1203440000
31.6749162457 30.1203440000 34.1773901469 34.1137950000 34.1773901469 31.6749162457 34.1137950000 30.9308230000
32.5587197612 30.9308230000 34.2024597166 34.1137950000 34.2024597166 32.5587197612 34.2611540000 31.4465820000
33.3667837956 31.4465820000 34.2990895299 34.2611540000 34.2990895299 33.3667837956 34.2611540000 32.1833810000
34.1011974254 32.1833810000 34.3936312095 34.2611540000 34.3936312095 34.1011974254 34.2611540000 32.9938600000
34.9155288026 32.9938600000 34.2693118932 34.2611540000 34.2693118932 34.9155288026 34.2611540000 33.8780190000
35.6520315655 33.8780190000 34.2902031966 34.2611540000 34.2902031966 35.6520315655 34.3348340000 34.6148180000
36.3885343285 34.6148180000 34.3110944999 34.3348340000 34.3110944999 36.3885343285 34.2611540000 35.7936960000
37.2723378440 35.7936960000 34.3361640697 34.2611540000 34.3361640697 37.2723378440 34.2611540000 36.3831350000
38.0824909832 36.3831350000 34.3591445062 34.2611540000 34.3591445062 38.0824909832 34.2611540000 37.1199350000
38.8148155081 37.1199350000 34.5273355625 34.2611540000 34.5273355625 38.8148155081 34.4085140000 37.5620140000
39.4040175186 37.5620140000 34.5440485996 34.4085140000 34.5440485996 39.4040175186 34.3348340000 38.2251330000
39.9911303959 38.2251330000 34.6344120129 34.3348340000 34.6344120129 39.9911303959 34.4821940000 38.7408920000
40.8012835351 38.7408920000 34.6573924494 34.4821940000 34.6573924494 40.8012835351 34.5558740000 39.6250510000
41.5377862980 39.6250510000 34.6782837528 34.5558740000 34.6782837528 41.5377862980 34.4821940000 40.5092100000
42.2742890610 40.5092100000 34.6991750562 34.4821940000 34.6991750562 42.2742890610 34.5558740000 41.5407290000
42.8634910714 41.5407290000 34.7158880933 34.5558740000 34.7158880933 42.8634910714 34.5558740000 42.3512080000
43.6020829676 42.3512080000 34.6631290204 34.5558740000 34.6631290204 43.6020829676 34.5558740000 42.9406470000
44.2649353543 42.9406470000 34.6819311906 34.5558740000 34.6819311906 44.2649353543 34.5558740000 44.1195250000
45.0014381172 44.1195250000 34.7028224940 34.5558740000 34.7028224940 45.0014381172 34.6295540000 44.7089640000
45.7379408802 44.7089640000 34.7237137974 34.6295540000 34.7237137974 45.7379408802 34.6295540000 45.5931230000
46.5480940194 45.5931230000 34.7466942340 34.6295540000 34.7466942340 46.5480940194 34.7032340000 46.4772820000
47.2088582725 46.4772820000 34.8391468088 34.7032340000 34.8391468088 47.2088582725 34.7769140000 47.2140810000
47.9453610355 47.2140810000 34.8600381122 34.7769140000 34.8600381122 47.9453610355 34.7032340000 48.0245600000
48.6061242890 48.0245600000 34.9524906586 34.7032340000 34.9524906586 48.6061242890 34.7769140000 48.4666390000
49.3447161851 48.4666390000 34.8997315858 34.7769140000 34.8997315858 49.3447161851 34.8505940000 49.3507980000
50.0812189481 49.3507980000 34.9206228892 34.8505940000 34.9206228892 50.0812189481 34.8505940000 50.1612770000
50.9608441972 50.1612770000 35.0929932114 34.8505940000 35.0929932114 50.9608441972 34.9242730000 50.8980760000
51.6973469602 50.8980760000 35.1138845148 34.9242730000 35.1138845148 51.6973469602 34.9242730000 51.7085550000
52.5790603429 51.7085550000 35.2126044324 34.9242730000 35.2126044324 52.5790603429 34.9242730000 52.6663940000
53.4628638583 52.6663940000 35.2376740022 34.9242730000 35.2376740022 53.4628638583 34.9242730000 53.5505530000
54.2730169975 53.5505530000 35.2606544388 34.9242730000 35.2606544388 54.2730169975 35.0716330000 54.2136720000
55.1568205130 54.2136720000 35.2857240085 35.0716330000 35.2857240085 55.1568205130 35.0716330000 54.9504710000
55.8933232760 54.9504710000 35.3066153119 35.0716330000 35.3066153119 55.8933232760 35.0716330000 55.6135900000
56.5561756627 55.6135900000 35.3254174821 35.0716330000 35.3254174821 56.5561756627 35.0716330000 56.3503890000
57.2905892924 56.3503890000 35.4199591617 35.0716330000 35.4199591617 57.2905892924 35.0716330000 57.0135080000
58.0270920554 57.0135080000 35.4408504651 35.0716330000 35.4408504651 58.0270920554 35.1453130000 57.8239870000
58.7635948184 57.8239870000 35.4617417685 35.1453130000 35.4617417685 58.7635948184 35.2189930000 58.4871060000
59.4285363382 58.4871060000 35.4068935625 35.2189930000 35.4068935625 59.4285363382 35.2189930000 59.3712650000
60.3081615874 59.3712650000 35.5792638847 35.2189930000 35.5792638847 60.3081615874 35.2189930000 60.1817440000
61.0446643503 60.1817440000 35.6001551881 35.2189930000 35.6001551881 61.0446643503 35.2189930000 61.0659030000
61.8548174895 61.0659030000 35.6231356247 35.2189930000 35.6231356247 61.8548174895 35.2189930000 61.7290220000
62.5913202525 61.7290220000 35.6440269281 35.2189930000 35.6440269281 62.5913202525 35.3663530000 62.0974210000
63.4014733917 62.0974210000 35.6670073646 35.3663530000 35.6670073646 63.4014733917 35.3663530000 62.8342200000
64.2852769072 62.8342200000 35.6920769344 35.3663530000 35.6920769344 64.2852769072 35.3663530000 63.5710190000
65.0217796701 63.5710190000 35.7129682378 35.3663530000 35.7129682378 65.0217796701 35.3663530000 64.6025380000
65.7582824331 64.6025380000 35.7338595412 35.3663530000 35.7338595412 65.7582824331 35.3663530000 65.4130170000
66.4947851960 65.4130170000 35.7547508445 35.3663530000 35.7547508445 66.4947851960 35.5137130000 66.1498160000
67.2291988258 66.1498160000 35.8492925242 35.5137130000 35.8492925242 67.2291988258 35.5137130000 67.0339750000
68.1130023413 67.0339750000 35.8743620939 35.5137130000 35.8743620939 68.1130023413 35.5137130000 68.1391730000
68.9231554805 68.1391730000 35.8973425305 35.5137130000 35.8973425305 68.9231554805 35.5137130000 69.4654110000
69.8048688632 69.4654110000 35.9960624481 35.5137130000 35.9960624481 69.8048688632 35.5873930000 70.4232500000
70.6150220024 70.4232500000 36.0190428847 35.5873930000 36.0190428847 70.6150220024 33.3033160000 10.0057310000
71.2042240129 71.5284490000 36.0357559217 35.5873930000 36.0357559217 71.2042240129 35.5873930000 71.5284490000
