x_pre x_post y_pre y_post x_pre_image y_pre_image x_post_image y_post_image
3.5222597692 3.5366350000 14.8275275286 14.7820300000 14.8275275286 3.5222597692 14.7820300000 3.5366350000
3.9823010424 3.9510850000 14.8480544851 14.7820300000 14.8480544851 3.9823010424 14.7820300000 3.9510850000
4.3963380884 4.3194840000 14.8665287414 14.8741300000 14.8665287414 4.3963380884 14.8741300000 4.3194840000
4.8103761334 4.7799840000 14.8850030424 14.8741300000 14.8850030424 4.8103761334 14.8741300000 4.7799840000
5.2724701067 5.2865330000 14.8595257716 14.9201800000 14.8595257716 5.2724701067 14.9201800000 5.2865330000
5.7325123789 5.8391320000 14.8800527727 14.9201800000 14.8800527727 5.7325123789 14.9201800000 5.8391320000
6.2385578794 6.3917310000 14.9026324293 14.9662300000 14.9026324293 6.2385578794 14.9662300000 6.3917310000
6.6985991526 6.9903810000 14.9231593857 15.0122800000 14.9231593857 6.6985991526 15.0122800000 6.9903810000
7.2506498792 7.5429800000 14.9477917870 14.9662300000 14.9477917870 7.2506498792 14.9662300000 7.5429800000
7.8026996069 8.1416290000 14.9724241437 15.0122800000 14.9724241437 7.8026996069 15.0122800000 8.1416290000
8.3087451073 8.6942280000 14.9950038003 15.0122800000 14.9950038003 8.3087451073 15.0122800000 8.6942280000
8.7687873795 9.2928780000 15.0155308013 15.0583300000 15.0155308013 8.7687873795 15.0583300000 9.2928780000
9.2267759526 9.8454770000 15.0820619850 15.0583300000 15.0820619850 9.2267759526 15.0583300000 9.8454770000
9.6868172259 10.3520260000 15.1025889415 15.1043800000 15.1025889415 9.6868172259 15.1043800000 10.3520260000
10.2388679525 10.9506750000 15.1272213428 15.1504300000 15.1272213428 10.2388679525 15.1504300000 10.9506750000
10.7909176802 11.4572250000 15.1518536995 15.1504300000 15.1518536995 10.7909176802 15.1504300000 11.4572250000
11.2969631806 12.0098240000 15.1744333560 15.1504300000 15.1744333560 11.2969631806 15.1504300000 12.0098240000
11.7570054528 12.5624230000 15.1949603571 15.1964800000 15.1949603571 11.7570054528 15.1964800000 12.5624230000
12.2170467260 13.0689730000 15.2154873136 15.2425300000 15.2154873136 12.2170467260 15.2425300000 13.0689730000
12.7230922265 13.5755220000 15.2380669701 15.2425300000 15.2380669701 12.7230922265 15.2425300000 13.5755220000
13.2291387259 14.1281210000 15.2606466713 15.2425300000 15.2606466713 13.2291387259 15.2425300000 14.1281210000
13.7372369265 14.7728200000 15.2372221007 15.2885800000 15.2372221007 13.7372369265 15.2885800000 14.7728200000
14.2432824269 15.3714700000 15.2598017572 15.2885800000 15.2598017572 14.2432824269 15.2885800000 15.3714700000
14.7012719990 15.9240690000 15.3263329855 15.3346300000 15.3263329855 14.7012719990 15.3346300000 15.9240690000
15.1633659723 16.4766680000 15.3008557148 15.3806790000 15.3008557148 15.1633659723 15.3806790000 16.4766680000
15.6234072455 17.0292670000 15.3213826712 15.3806790000 15.3213826712 15.6234072455 15.3806790000 17.0292670000
16.1754579722 17.5818670000 15.3460150725 15.3806790000 15.3460150725 16.1754579722 15.3806790000 17.5818670000
16.6815034726 18.1805160000 15.3685947291 15.4267290000 15.3685947291 16.6815034726 15.4267290000 18.1805160000
17.1875489731 18.8252150000 15.3911743857 15.4727790000 15.3911743857 17.1875489731 15.4727790000 18.8252150000
17.7395996997 19.5159640000 15.4158067869 15.5188290000 15.4158067869 17.7395996997 15.5188290000 19.5159640000
18.2916494274 20.0685630000 15.4404391436 15.5188290000 15.4404391436 18.2916494274 15.5188290000 20.0685630000
18.8436991550 20.6672120000 15.4650715003 15.5188290000 15.4650715003 18.8436991550 15.5188290000 20.6672120000
19.2577372000 21.2198120000 15.4835458013 15.5648790000 15.4835458013 19.2577372000 15.5648790000 21.2198120000
19.8097869277 21.7263610000 15.5081781579 15.5648790000 15.5081781579 19.8097869277 15.5648790000 21.7263610000
20.3178851282 22.3250100000 15.4847535873 15.6109290000 15.4847535873 20.3178851282 15.6109290000 22.3250100000
20.8239306287 22.9236590000 15.5073332439 15.6109290000 15.5073332439 20.8239306287 15.6109290000 22.9236590000
21.3299771281 23.5223090000 15.5299129450 15.6109290000 15.5299129450 21.3299771281 15.6109290000 23.5223090000
21.7900184013 23.9828080000 15.5504399015 15.6569790000 15.5504399015 21.7900184013 15.6569790000 23.9828080000
22.2960639018 24.5354070000 15.5730195581 15.7030290000 15.5730195581 22.2960639018 15.7030290000 24.5354070000
22.8021104012 25.0419570000 15.5955992593 15.7030290000 15.5955992593 22.8021104012 15.7030290000 25.0419570000
23.1701432200 25.5945560000 15.6120208155 15.7030290000 15.6120208155 23.1701432200 15.7030290000 25.5945560000
23.7221939466 26.1011050000 15.6366532168 15.7490790000 15.6366532168 23.7221939466 15.7490790000 26.1011050000
24.2742436743 26.6076550000 15.6612855735 15.7490790000 15.6612855735 24.2742436743 15.7490790000 26.6076550000
24.7802891747 27.2063040000 15.6838652301 15.7951290000 15.6838652301 24.7802891747 15.7951290000 27.2063040000
25.2403314469 27.8049530000 15.7043922311 15.7490790000 15.7043922311 25.2403314469 15.7490790000 27.8049530000
25.7463769474 28.3575520000 15.7269718877 15.7951290000 15.7269718877 25.7463769474 15.7951290000 28.3575520000
26.3444309022 28.9101510000 15.7536569445 15.8411790000 15.7536569445 26.3444309022 15.8411790000 28.9101510000
26.9424848571 29.4627510000 15.7803420013 15.8411790000 15.7803420013 26.9424848571 15.8411790000 29.4627510000
27.4965882839 30.0153500000 15.7589701753 15.8411790000 15.7589701753 27.4965882839 15.8411790000 30.0153500000
28.0465853114 30.5218990000 15.8296067592 15.8411790000 15.8296067592 28.0465853114 15.8411790000 30.5218990000
28.6006877392 30.9823990000 15.8082348887 15.8872290000 15.8082348887 28.6006877392 15.8872290000 30.9823990000
29.1966889940 31.4428980000 15.8809241727 15.8872290000 15.8809241727 29.1966889940 15.8872290000 31.4428980000
29.8427998762 31.9033970000 15.8636577024 15.9332790000 15.8636577024 29.8427998762 15.9332790000 31.9033970000
30.4388021300 32.3638970000 15.9363470310 15.9332790000 15.9363470310 30.4388021300 15.9332790000 32.3638970000
31.1288645393 32.9625460000 15.9671374880 15.9332790000 15.9671374880 31.1288645393 15.9332790000 32.9625460000
31.7729227214 33.4230450000 15.9958752449 15.9332790000 15.9958752449 31.7729227214 15.9332790000 33.4230450000
32.4169809035 33.8374950000 16.0246130018 15.9332790000 16.0246130018 32.4169809035 15.9332790000 33.8374950000
32.9250791040 34.3440440000 16.0011884311 15.9332790000 16.0011884311 32.9250791040 15.9332790000 34.3440440000
33.5231330589 34.8966430000 16.0278734879 15.9793290000 16.0278734879 33.5231330589 15.9793290000 34.8966430000
34.0271268582 35.4952930000 16.0964574163 15.9793290000 16.0964574163 34.0271268582 15.9793290000 35.4952930000
34.6251808131 36.0018420000 16.1231424731 16.0253790000 16.1231424731 34.6251808131 16.0253790000 36.0018420000
35.2232347680 36.4623410000 16.1498275299 16.0253790000 16.1498275299 35.2232347680 16.0253790000 36.4623410000
35.7292812674 36.9228410000 16.1724072310 16.0253790000 16.1724072310 35.7292812674 16.0253790000 36.9228410000
36.2833836952 37.4754400000 16.1510353605 16.0714290000 16.1510353605 36.2833836952 16.0714290000 37.4754400000
36.7413722683 37.9359390000 16.2175665442 16.0714290000 16.2175665442 36.7413722683 16.0714290000 37.9359390000
37.2954746961 38.3964390000 16.1961946737 16.1174790000 16.1961946737 37.2954746961 16.1174790000 38.3964390000
37.8475254227 38.9490380000 16.2208270749 16.1174790000 16.2208270749 37.8475254227 16.1174790000 38.9490380000
38.4455793776 39.4095370000 16.2475121317 16.1174790000 16.2475121317 38.4455793776 16.1174790000 39.4095370000
39.0436333325 39.9621370000 16.2741971885 16.1174790000 16.2741971885 39.0436333325 16.1174790000 39.9621370000
39.6876915146 40.5147360000 16.3029349454 16.1174790000 16.3029349454 39.6876915146 16.1174790000 40.5147360000
40.3317496967 41.0212850000 16.3316727023 16.1174790000 16.3316727023 40.3317496967 16.1174790000 41.0212850000
40.9298046506 41.4817850000 16.3583578037 16.1635280000 16.3583578037 40.9298046506 16.1635280000 41.4817850000
41.5738628327 41.9422840000 16.3870955606 16.2095780000 16.3870955606 41.5738628327 16.2095780000 41.9422840000
42.1719167875 42.4488330000 16.4137806174 16.2095780000 16.4137806174 42.1719167875 16.2095780000 42.4488330000
42.7699707424 42.9553830000 16.4404656742 16.2095780000 16.4404656742 42.7699707424 16.2095780000 42.9553830000
43.3680246973 43.3237820000 16.4671507310 16.1635280000 16.4671507310 43.3680246973 16.1635280000 43.3237820000
43.8740711967 43.7382320000 16.4897304321 16.2095780000 16.4897304321 43.8740711967 16.2095780000 43.7382320000
