x_pre x_post y_pre y_post x_pre_image y_pre_image x_post_image y_post_image
5.4153120811 5.4347110000 21.3637388621 21.3610320000 21.3637388621 5.4153120811 21.3610320000 5.4347110000
6.1416510636 6.3065900000 21.3818601675 21.4336880000 21.3818601675 6.1416510636 21.4336880000 6.3065900000
6.8679910458 7.2511260000 21.3999814979 21.4336880000 21.3999814979 6.8679910458 21.4336880000 7.2511260000
7.6669644264 8.1230050000 21.4199149463 21.4336880000 21.4199149463 7.6669644264 21.4336880000 8.1230050000
8.4659388067 8.9948830000 21.4398484197 21.4336880000 21.4398484197 8.4659388067 21.4336880000 8.9948830000
9.1196443908 9.7941060000 21.4561576070 21.5063450000 21.4561576070 9.1196443908 21.5063450000 9.7941060000
9.7733499749 10.5206710000 21.4724667944 21.5063450000 21.4724667944 9.7733499749 21.5063450000 10.5206710000
10.5723233556 11.3198940000 21.4924002428 21.5063450000 21.4924002428 10.5723233556 21.5063450000 11.3198940000
11.3712967362 12.1917720000 21.5123336912 21.5063450000 21.5123336912 11.3712967362 21.5063450000 12.1917720000
12.1702711165 13.0636510000 21.5322671646 21.5063450000 21.5322671646 12.1702711165 21.5063450000 13.0636510000
12.8966100990 13.9355300000 21.5503884700 21.6516580000 21.5503884700 12.8966100990 21.6516580000 13.9355300000
13.6211379382 14.8074090000 21.6411441984 21.7243140000 21.6411441984 13.6211379382 21.7243140000 14.8074090000
14.4201113188 15.6066310000 21.6610776469 21.6516580000 21.6610776469 14.4201113188 21.6516580000 15.6066310000
15.1464513010 16.4785100000 21.6791989772 21.6516580000 21.6791989772 15.1464513010 21.6516580000 16.4785100000
15.9454246816 17.2777320000 21.6991324256 21.7969710000 21.6991324256 15.9454246816 21.7969710000 17.2777320000
16.6717646638 18.1496110000 21.7172537560 21.7969710000 21.7172537560 16.6717646638 21.7969710000 18.1496110000
17.3981046460 18.8035200000 21.7353750863 21.7969710000 21.7353750863 17.3981046460 21.7969710000 18.8035200000
18.2697114250 19.6753990000 21.7571206528 21.7969710000 21.7571206528 18.2697114250 21.7969710000 19.6753990000
19.0686858053 20.4019650000 21.7770541262 21.7969710000 21.7770541262 19.0686858053 21.7969710000 20.4019650000
19.8676591859 21.1285300000 21.7969875746 21.8696280000 21.7969875746 19.8676591859 21.8696280000 21.1285300000
20.6648204484 21.9277530000 21.8895544215 21.8696280000 21.8895544215 20.6648204484 21.8696280000 21.9277530000
21.3929725487 22.7269750000 21.8350423534 21.9422840000 21.8350423534 21.3929725487 21.9422840000 22.7269750000
22.1901338112 23.4535410000 21.9276092002 21.9422840000 21.9276092002 22.1901338112 21.9422840000 23.4535410000
22.9164737934 24.2527630000 21.9457305306 21.9422840000 21.9457305306 22.9164737934 21.9422840000 24.2527630000
23.6428137756 25.1246420000 21.9638518609 21.9422840000 21.9638518609 23.6428137756 21.9422840000 25.1246420000
24.4417871562 25.7785510000 21.9837853094 22.0149410000 21.9837853094 24.4417871562 22.0149410000 25.7785510000
25.0954927403 26.5777730000 22.0000944967 22.0149410000 22.0000944967 25.0954927403 22.0149410000 26.5777730000
25.8218327225 27.2316820000 22.0182158271 22.0149410000 22.0182158271 25.8218327225 22.0149410000 27.2316820000
26.5481717050 27.9582480000 22.0363371325 22.0875970000 22.0363371325 26.5481717050 22.0875970000 27.9582480000
27.0566094927 28.7574700000 22.0490220587 22.0875970000 22.0490220587 27.0566094927 22.0875970000 28.7574700000
27.7829494749 29.4840360000 22.0671433891 22.0875970000 22.0671433891 27.7829494749 22.0875970000 29.4840360000
28.5092894571 30.2106020000 22.0852647194 22.1602540000 22.0852647194 28.5092894571 22.1602540000 30.2106020000
29.3082628377 31.0824810000 22.1051981679 22.2329100000 22.1051981679 29.3082628377 22.2329100000 31.0824810000
30.1798706164 31.8090460000 22.1269437593 22.1602540000 22.1269437593 30.1798706164 22.1602540000 31.8090460000
31.0514783951 32.5356120000 22.1486893507 22.1602540000 22.1486893507 31.0514783951 22.1602540000 32.5356120000
31.9230861738 33.1895210000 22.1704349422 22.2329100000 22.1704349422 31.9230861738 22.2329100000 33.1895210000
32.7946929528 33.8434300000 22.1921805087 22.2329100000 22.1921805087 32.7946929528 22.2329100000 33.8434300000
33.5936673331 34.6426520000 22.2121139820 22.3055670000 22.2121139820 33.5936673331 22.3055670000 34.6426520000
34.4652741121 35.4418750000 22.2338595485 22.3055670000 22.2338595485 34.4652741121 22.3055670000 35.4418750000
35.2624363494 36.1684400000 22.3264274200 22.3782230000 22.3264274200 35.2624363494 22.3782230000 36.1684400000
36.1340441281 37.0403190000 22.3481730114 22.3782230000 22.3481730114 36.1340441281 22.3782230000 37.0403190000
36.8603831106 37.7668850000 22.3662943168 22.3782230000 22.3662943168 36.8603831106 22.3782230000 37.7668850000
37.7319908893 38.5661070000 22.3880399083 22.4508800000 22.3880399083 37.7319908893 22.4508800000 38.5661070000
38.5309642699 39.3653300000 22.4079733567 22.3782230000 22.4079733567 38.5309642699 22.3782230000 39.3653300000
39.3299386502 40.0918950000 22.4279068300 22.3782230000 22.4279068300 39.3299386502 22.3782230000 40.0918950000
40.2015464289 40.7458040000 22.4496524215 22.3782230000 22.4496524215 40.2015464289 22.3782230000 40.7458040000
40.9278854114 41.5450270000 22.4677737269 22.4508800000 22.4677737269 40.9278854114 22.4508800000 41.5450270000
41.7250466739 42.3442490000 22.5603405737 22.5235370000 22.5603405737 41.7250466739 22.5235370000 42.3442490000
42.5240210542 43.0708150000 22.5802740471 22.5235370000 22.5802740471 42.5240210542 22.5235370000 43.0708150000
43.3956288329 43.7973800000 22.6020196385 22.5235370000 22.6020196385 43.3956288329 22.5235370000 43.7973800000
44.2672356119 44.4512890000 22.6237652050 22.5235370000 22.6237652050 44.2672356119 22.5235370000 44.4512890000
45.0662099922 45.2505120000 22.6436986784 22.5235370000 22.6436986784 45.0662099922 22.5235370000 45.2505120000
45.9378177709 45.9770770000 22.6654442698 22.5235370000 22.6654442698 45.9378177709 22.5235370000 45.9770770000
46.7367911516 46.7763000000 22.6853777182 22.5961930000 22.6853777182 46.7367911516 22.5961930000 46.7763000000
47.6083989303 47.5028650000 22.7071233097 22.5961930000 22.7071233097 47.6083989303 22.5961930000 47.5028650000
48.5526401074 48.3020880000 22.7306810192 22.5961930000 22.7306810192 48.5526401074 22.5961930000 48.3020880000
49.4242478861 49.0286530000 22.7524266106 22.5961930000 22.7524266106 49.4242478861 22.5961930000 49.0286530000
50.1505878683 49.7552190000 22.7705479410 22.5961930000 22.7705479410 50.1505878683 22.5961930000 49.7552190000
51.0203825043 50.5544410000 22.8649279056 22.5961930000 22.8649279056 51.0203825043 22.5961930000 50.5544410000
51.8919902830 51.2810070000 22.8866734970 22.6688500000 22.8866734970 51.8919902830 22.6688500000 51.2810070000
52.6183302652 52.0802290000 22.9047948273 22.6688500000 22.9047948273 52.6183302652 22.6688500000 52.0802290000
53.5625714423 52.8067950000 22.9283525368 22.6688500000 22.9283525368 53.5625714423 22.6688500000 52.8067950000
54.4341792210 53.6060170000 22.9500981283 22.7415060000 22.9500981283 54.4341792210 22.7415060000 53.6060170000
55.3057869997 54.3325830000 22.9718437197 22.7415060000 22.9718437197 55.3057869997 22.7415060000 54.3325830000
56.1029482373 54.9864920000 23.0644115662 22.7415060000 23.0644115662 56.1029482373 22.7415060000 54.9864920000
56.9745560160 55.7130580000 23.0861571577 22.7415060000 23.0861571577 56.9745560160 22.7415060000 55.7130580000
57.8461637947 56.4396230000 23.1079027491 22.7415060000 23.1079027491 57.8461637947 22.7415060000 56.4396230000
58.7177715734 57.1661890000 23.1296483405 22.8141630000 23.1296483405 58.7177715734 22.8141630000 57.1661890000
59.5893793521 57.9654110000 23.1513939320 22.8141630000 23.1513939320 59.5893793521 22.8141630000 57.9654110000
60.4627982741 58.6193210000 23.1005051004 22.8141630000 23.1005051004 60.4627982741 22.8141630000 58.6193210000
61.4052283079 59.3458860000 23.1966972329 22.8868190000 23.1966972329 61.4052283079 22.8868190000 59.3458860000
62.2042016885 60.2177650000 23.2166306813 22.8868190000 23.2166306813 62.2042016885 22.8868190000 60.2177650000
63.0031750691 61.0896440000 23.2365641298 22.8868190000 23.2365641298 63.0031750691 22.8868190000 61.0896440000
63.8021494494 62.0341790000 23.2564976031 22.8868190000 23.2564976031 63.8021494494 22.8868190000 62.0341790000
64.5284884319 62.9060580000 23.2746189085 22.8868190000 23.2746189085 64.5284884319 22.8868190000 62.9060580000
65.2548284141 63.9232500000 23.2927402389 22.8868190000 23.2927402389 65.2548284141 22.8868190000 63.9232500000
66.0519896767 64.7951290000 23.3853070857 22.8868190000 23.3853070857 66.0519896767 22.8868190000 64.7951290000
66.8509640569 65.6670080000 23.4052405591 22.9594760000 23.4052405591 66.8509640569 22.9594760000 65.6670080000
67.6499374376 66.5388870000 23.4251740075 22.9594760000 23.4251740075 67.6499374376 22.9594760000 66.5388870000
68.9573486058 67.6287350000 23.4577923822 22.9594760000 23.4577923822 68.9573486058 22.9594760000 67.6287350000
69.7563219864 68.9365530000 23.4777258306 22.9594760000 23.4777258306 69.7563219864 22.9594760000 68.9365530000
70.4826619686 69.8810890000 23.4958471610 22.9594760000 23.4958471610 70.4826619686 22.9594760000 69.8810890000
